E1	E2	Probability	Label
155459	60489	1.0	1
202559	155908	0.004763369	0
302	155030	0.0163184722964	0
3107	156110	0.00101456768115	0
3458	156110	2.38982e-05	0
155030	4261	1.3516798e-06	0
4594	156110	1.5523671e-08	0
4734	155030	0.9815595	0
3576	155971	6.7586355e-13	0
155908	1653	0.24364064198	0
155030	5594	0.000236138074836	0
155971	3576	1.0510232e-12	0
155459	6921	0.143167863395	0
155971	1272	6.303398e-08	0
155908	7514	0.303495791421	0
1673	155871	1.94444160773e-09	0
155971	26996	0.00012647216	0
156110	356	0.00576082823808	0
155459	8065	0.243380801571	0
3958	155871	0.00368856508357	0
6714	156110	2.4467925e-05	0
156110	3458	2.38982e-05	0
100187828	155871	0.00015571486	0
155945	684	0.999936261964	1
155030	51014	2.378444e-13	0
156110	1493	0.000210450882562	0
10462	155030	8.75319606797e-08	0
3836	155807	0.000800788915581	0
1508	155030	4.87942952376e-06	0
10959	155030	0.00970834002174	0
684	155971	4.570257e-06	0
917	156110	7.757827e-05	0
3661	155945	3.28940303103e-05	0
155971	6347	2.29887256255e-05	0
155030	4314	7.6764547e-16	0
156110	6347	3.6113556e-07	0
19	155971	5.689169e-10	0
155971	115362	0.00123076661692	0
7852	156110	0.000201555004369	0
155971	6351	2.2891793e-08	0
6998	155971	2.1189453e-05	0
155030	100862696	0.115551840452	0
2028	155908	4.2005787e-12	0
155807	4790	6.58280868371e-07	0
347376	155030	0.000475708655025	0
3502	155971	0.00027417530869	0
60489	155459	0.984128823693	0
100616444	155030	0.0702647020086	0
155030	10015	0.000135205060283	0
54106	155971	6.589326e-10	0
155030	148362	6.526553e-08	0
156110	7124	4.00396047318e-07	0
100689229	155030	4.6094861228e-05	0
155030	100689229	0.000782879141235	0
155030	27074	1.6731232e-08	0
155030	10521	2.717975e-12	0
155030	100616444	0.240044537296	0
1387	155971	3.2845687e-08	0
155945	5817	0.079751641171	0
6285	155908	0.00263684232282	0
155971	801	0.000714892859229	0
310	155030	8.9788434e-09	0
1493	156110	6.53034411968e-06	0
155971	28910	1.6891415e-06	0
155971	3586	9.22083524054e-05	0
6596	155807	0.278779332878	0
155971	4153	6.501248e-05	0
3732	155030	6.625789e-09	0
155971	974	2.027968e-09	0
861	155459	0.0808083467908	0
156110	238	2.3742494e-11	0
1421	155030	0.00053125113	0
156110	3106	0.69705067584	1
155971	3502	0.000136008402113	0
156110	5599	1.35717555e-05	0
79966	155971	2.0111267e-07	0
155971	6387	0.15110578442	0
155807	3916	0.0851275	0
653820	155807	3.3902413e-08	0
156110	256987	0.641572841473	0
821	155971	6.8385537233e-09	0
155971	4780	9.74551879015e-05	0
155030	684	4.0970437e-07	0
155030	1629	5.75604601221e-05	0
155030	3565	0.00201082453766	0
8835	155459	0.006104221	0
155348	8941	2.6478397e-10	0
155807	5886	0.0235795330786	0
1109	155971	3.1025963e-17	0
5621	155971	0.00018173632	0
1669	155971	0.00373124387283	0
155971	51497	5.00587278429e-06	0
155971	10226	0.0119448282505	0
2720	155971	0.059111137	0
19	156110	8.262229e-06	0
5594	155030	0.000277574557405	0
6402	155030	4.907942e-15	0
155807	3725	0.0032717837989	0
728378	155030	0.0037343062578	0
155971	834	9.989144e-14	0
156110	684	0.028903632585	0
347376	155807	5.737772e-10	0
27067	155908	0.000119404991623	0
865	155459	0.191488406605	0
155971	2745	0.000297987745096	0
3558	155971	4.130694e-07	0
155807	836	0.0016375991	0
22914	155945	0.0205315482685	0
156110	925	9.42280076954e-06	0
256987	156110	0.360337749703	0
920	155971	0.415890640295	0
155459	865	0.72903668647	0
347376	155971	0.02174665391	0
155971	28299	0.000447722218058	0
155971	2187	9.57458483571e-05	0
10714	155348	8.9088404e-05	0
155030	3735	0.36274758774	0
156110	7253	1.78572117693e-06	0
156110	60489	0.0108720519415	0
5478	155030	0.111893954547	0
973	155971	2.1771892e-05	0
155971	30816	1.56932522011e-05	0
6737	155030	6.6201574e-07	0
5478	156110	4.77759524249e-05	0
156110	5817	1.60653209128e-05	0
3178	155971	8.121857e-05	0
1029	155030	8.45869640997e-09	0
155971	4843	3.486684e-11	0
925	155459	6.2221184e-10	0
155971	5122	2.55121021642e-07	0
155971	51311	0.040689353	0
54205	155807	9.380989e-12	0
6772	155971	3.2406472e-06	0
653820	155971	1.51500736068e-07	0
155971	19	1.0765199e-09	0
148362	155030	9.984123e-06	0
155971	10959	2.37322968166e-06	0
155971	10410	4.1117446e-06	0
25939	155807	0.0573510901371	0
7020	155971	3.90402474659e-06	0
155030	6737	1.7586417e-05	0
4869	155908	1.7964211444e-06	0
5713	155807	2.4594321e-05	0
156110	4594	2.4637805e-08	0
3777	155945	3.12510184797e-06	0
155908	653108	0.065378246654	0
155971	4790	4.997782e-10	0
156110	6285	0.177524075037	0
155030	4320	8.658228e-19	0
155908	6285	0.0025921907179	0
155971	54106	5.2589346e-09	0
155908	100271694	3.703358e-12	0
100862696	155030	0.00719210620638	0
155030	1421	2.8867937e-05	0
3267	155908	2.1301213e-07	0
155908	10492	0.00144617391288	0
155030	8941	8.172991e-09	0
155807	25939	0.941297183515	0
2332	155908	3.96801956071e-07	0
8065	155459	0.181724645019	0
155807	842	5.964649e-07	0
155348	10714	5.636985e-05	0
6426	155971	1.26699162273e-09	0
3385	155971	0.00805657288164	0
155807	10980	0.001659967	0
155030	10959	0.00215009483691	0
155945	1128	0.033354573	0
155459	200316	0.999872680515	1
5901	155030	3.8142527e-12	0
155971	3700	0.077704927387	0
6998	155030	5.718395e-08	0
3106	155030	0.000422093128469	0
8941	155348	6.6978484e-12	0
3840	155807	1.18221302525e-07	0
155030	7251	7.25983529226e-06	0
684	155945	0.624981746745	0
30816	155945	9.75849055759e-05	0
3700	155971	0.0771568733339	0
155908	4869	7.84816003296e-08	0
3135	156110	3.15064729861e-09	0
3603	155971	8.9641117e-07	0
100616444	155945	0.000178907688945	0
7432	155971	5.6197496e-09	0
6693	155971	6.58032460769e-05	0
155908	3267	2.627568e-07	0
155971	4513	8.464715e-11	0
156110	11337	1.2167918e-09	0
156110	1435	0.000909157725383	0
155971	1109	1.4200124e-12	0
156110	2736	0.00415929156741	0
155971	80279	4.8517079243e-10	0
920	155459	1.82579811314e-06	0
155030	1489	1.3358507e-06	0
9733	155871	0.0010327801418	0
155971	347376	0.02174665391	0
6348	155971	1.36681994056e-07	0
940	156110	2.87463248474e-05	0
155030	5478	0.103327031628	0
920	156110	0.415032962374	0
5062	156110	0.000135368432678	0
155348	10075	1.45887515213e-06	0
155971	5933	1.1773553e-08	0
10980	155807	0.001659967	0
2745	155971	0.000470020743575	0
23547	156110	0.0013141966036	0
5122	155971	0.000275078360771	0
155971	6998	6.101956e-06	0
155030	7329	2.1279406e-05	0
156110	55690	4.832965e-05	0
155030	975	0.0338641952011	0
155971	5599	2.10130179923e-09	0
51311	155971	0.00064867915	0
155030	286	1.19428378964e-07	0
6402	155971	4.777336855e-07	0
156110	3932	0.0228251577672	0
10015	155030	0.0427653223938	0
387	155030	4.731796e-05	0
155807	55540	0.00950420075312	0
155971	3384	2.9465727e-07	0
155807	81559	0.0169820266312	0
5933	155971	1.0591995e-09	0
155807	347376	6.9027194e-11	0
904	155871	0.153516957467	0
155971	30835	0.0597649245081	0
3622	155908	1.7612974e-09	0
156110	7852	0.459743090371	0
920	155945	0.32578391758	0
10075	155348	1.53408932224e-06	0
155807	6596	0.999754443518	0
155807	10959	0.09377258	0
1392	155971	2.059626e-05	0
23241	156110	1.2834223e-06	0
7422	155871	0.00081668135123	0
1629	155030	2.10367424591e-07	0
155348	51014	2.754221e-10	0
156110	7020	2.65641096184e-05	0
3704	155908	0.00132282553828	0
155030	79719	5.832977e-07	0
1272	155971	6.303398e-08	0
925	155030	1.56345616208e-05	0
29110	156110	3.54099468972e-05	0
155030	920	0.110771716432	0
155908	3458	0.00019411319	0
972	155945	0.0772062326564	0
155807	3735	0.195564832224	0
156110	917	7.757827e-05	0
115362	155971	0.00159191099585	0
4481	156110	1.6398882e-13	0
155030	6402	7.582213e-14	0
3458	155971	2.89768209427e-14	0
155908	2332	6.87204733119e-08	0
1653	155908	0.411384495519	0
5599	156110	4.134214e-13	0
7251	155030	5.42107609269e-06	0
155971	79966	2.0111267e-07	0
155971	3458	4.74065231515e-14	0
155908	100616444	1.1862957e-11	0
6285	155945	5.9196405e-05	0
155030	310	1.3765676e-08	0
155030	3106	0.000325691181061	0
100129339	155030	4.92211e-05	0
7474	155971	4.86372275788e-09	0
155908	103	1.725985e-14	0
238	156110	5.397784e-13	0
2736	156110	0.00151790254847	0
155971	3107	1.4609414e-09	0
10226	155971	0.0210954587839	0
155030	81030	0.00117279582551	0
155871	904	0.147540677146	0
84268	155908	0.00230845765098	0
2028	155030	2.353748e-14	0
55540	155807	0.00950420075312	0
286	155030	2.34298081159e-07	0
3848	155908	0.00070484984	0
3932	155971	8.299595e-08	0
54472	155971	8.049764e-17	0
1056	155971	7.455979e-11	0
1435	156110	8.01375940596e-06	0
156110	2534	0.217079905596	0
7329	155030	3.0425945e-06	0
983	155908	0.6409116	0
4780	155971	1.75408301611e-05	0
51014	155348	2.754221e-10	0
7374	155459	0.000876886206359	0
155030	5901	2.189924e-15	0
155030	7020	0.0044370516853	0
155971	925	0.00522353396137	0
10657	155908	2.17937534686e-09	0
5599	155971	1.62330082709e-09	0
155971	3178	1.5409218e-07	0
156110	23547	0.0010689184989	0
155030	6285	0.0524424733996	0
156110	3606	0.00039533344797	0
155971	684	3.5278223e-12	0
80279	155971	6.74786893029e-11	0
155971	50863	6.271935e-10	0
155030	3456	0.12802604	0
6921	155459	0.000316623899753	0
9648	156110	1.9417844e-06	0
155971	7124	8.35982159018e-05	0
28299	155971	0.00137596143429	0
1236	155971	1.0640659e-08	0
4691	155908	0.000379656068334	0
155971	7852	0.00386220342758	0
48	155908	1.4041342696e-05	0
155971	963	0.00012440591	0
92421	155030	1.5223336e-06	0
5817	155945	0.000349761209448	0
155971	28981	1.0374203e-08	0
155971	1392	6.3415873e-09	0
155030	24137	0.000568413063379	0
155971	6890	0.00557808376475	0
155459	861	0.0879483367029	0
6890	155971	5.4071921628e-06	0
10959	155971	1.61676122423e-06	0
155030	302	0.00118872400406	0
155871	100187828	0.103287615	0
4153	155971	0.013998854	0
3055	156110	3.76194047325e-06	0
1984	155908	0.00568645653757	0
3558	156110	0.00343608215182	0
30816	155908	0.000491955181895	0
156110	23241	0.0014264977	0
10673	155971	1.6922173e-05	0
155908	48	4.73379355315e-06	0
155971	6693	0.000434223400514	0
155971	6426	1.34300237598e-09	0
155030	54732	1.88860482564e-06	0
155030	54539	0.00126531162494	0
155945	972	0.127566244064	0
100616444	155971	3.39237260505e-09	0
155807	3836	5.15178545357e-06	0
155971	7020	1.70368984311e-05	0
155971	5045	9.2105334203e-05	0
155971	54472	1.9716498e-16	0
8945	155945	0.958468822128	0
407007	155971	2.4532611e-09	0
155971	6774	2.8932343e-05	0
4320	155030	1.551992e-18	0
5524	155030	7.6782025e-11	0
155971	3329	6.070504e-07	0
155971	100689229	4.1494416e-11	0
51311	155030	0.00013981607077	0
841	155807	5.617073e-07	0
85363	155030	2.4283745e-05	1
2534	156110	1.20590608377e-05	0
155971	1232	4.887184e-06	0
155908	30816	0.000108632749468	0
155971	10673	1.6922173e-05	0
3916	155807	0.0515488	0
100313781	156110	3.2819262e-08	0
5045	155971	4.97607615266e-05	0
156110	3105	0.917331461598	1
155971	818	1.33401178992e-09	0
7020	156110	0.00629427699848	0
25939	155459	1.3597185e-05	0
29082	155030	0.00105406625508	0
5903	155908	3.3293477e-14	0
1234	155030	1.4617517e-10	0
155945	6285	5.9196405e-05	0
974	155971	2.027968e-09	0
155030	6426	1.5734807e-09	0
155971	100616444	3.15148562802e-09	0
155971	653820	0.00011681942226	0
3565	155971	0.052196198441	0
1755	155971	9.420836e-11	0
6667	155030	0.0381667950589	0
155459	10959	8.437051e-08	0
155971	2720	0.071656324	0
155971	920	0.815338932072	0
155459	684	0.00038936437	0
155971	6348	1.36681994056e-07	0
155971	1056	4.307328e-11	0
155945	3777	0.0133647761926	0
155908	84268	0.00285910918861	0
3735	155807	0.00010798869161	0
10959	155807	0.12802604	0
155945	4738	0.000592919225607	0
9564	155807	7.83432365506e-05	0
156110	3135	4.01682970227e-05	1
60489	155030	0.00694566129913	0
3586	155971	9.22083524054e-05	0
10656	155908	3.442059e-05	0
155971	7432	4.3437097e-08	0
3458	155030	0.00010367890742	0
155030	834	0.00464508548486	0
155971	821	1.87838678278e-07	0
155971	1803	4.37628266958e-10	0
81030	155030	0.0154042597611	0
155971	6402	9.22345171017e-07	0
155030	653820	0.000298711489295	0
155908	728378	3.6696428025e-05	0
55170	155908	1.4612332e-10	0
351	155971	0.00047937236	0
4738	155945	0.000585715738209	0
155945	30816	1.26459376459e-06	0
155971	1669	0.00292495392126	0
155030	3732	0.10129793	0
156110	29110	0.271188811872	0
155908	27067	0.00113457827578	0
1234	155971	0.00176779244629	0
156110	3055	0.168355215396	0
54539	155030	0.00217549073557	0
155459	164668	0.972493694996	1
7124	156110	0.00238190194879	0
155908	1984	0.00526099750083	0
155459	652070	4.3609263e-05	0
156110	5058	0.71698123	0
155807	3840	1.84859388241e-06	0
8941	155030	1.9167019e-06	0
155871	9733	3.83715014765e-05	0
1232	155971	1.7745943e-08	0
100616444	156110	1.15591675e-07	0
155908	10656	0.0046163113	0
155459	8453	0.0235439308089	0
10959	156110	0.00973573972134	0
155459	25939	0.00038936437	0
156110	57026	1.7474706e-05	0
3569	155971	0.000279436562104	0
653820	155030	0.000230234580071	0
155030	728378	0.0692590292642	0
926	156110	0.033777297	0
7040	155971	3.3047783099e-07	0
60489	156110	0.0108720519415	0
29110	155459	1.1246805e-06	0
10959	155459	1.9163327e-08	0
155030	5524	0.0018228734	0
156110	22914	0.00436760610694	0
155971	100	8.597028e-06	0
156110	10399	0.179808994329	0
155971	3603	1.2870716e-10	0
684	155030	1.8944806e-07	0
30816	155030	0.189243443062	0
3091	155807	9.65680573316e-05	0
155030	29082	0.0180166006412	0
155348	653820	3.6574704e-08	0
155030	925	0.447974069162	0
156110	940	6.00012208699e-05	0
155971	3558	6.018067e-07	0
3107	155971	1.5705512e-09	0
156110	9648	0.0018652793	0
155030	676	1.2603312e-08	0
155807	10714	0.007574137	0
3606	156110	6.73040604269e-05	0
155807	3838	2.11496623963e-05	0
155908	2028	1.579458e-13	0
156110	10959	0.00827642939368	0
155459	100616444	0.00389465006868	0
57026	156110	1.7474706e-05	0
100616444	155459	0.0189072614608	0
28910	155971	3.0785305e-08	0
155971	6772	1.2039614e-08	0
2187	155971	2.3606534324e-06	0
155030	4758	1.885946e-12	0
6347	156110	4.1224193e-09	0
6351	155971	1.1068279e-14	0
155971	4738	8.754599e-10	0
51014	155030	1.5974495e-08	0
164668	155459	0.959637060167	0
4360	155971	2.23798757304e-11	0
4790	155807	5.50813740174e-08	0
156110	3107	0.084240631912	1
155030	200316	0.107155776393	0
155945	920	1.0	1
836	155807	0.00011219718	0
155030	2028	6.712661e-15	0
684	156110	0.0123014262969	0
8941	155807	2.2585214e-08	0
155971	3565	0.000880935616015	0
155030	998	2.0360012e-06	0
155807	54205	0.00041392707	0
11337	156110	7.9246354e-07	0
10959	155348	0.000654367943775	0
652070	155971	2.5096752e-10	0
155908	3700	9.2730816e-11	0
155807	841	4.6850658e-07	0
10642	155030	0.0384147270051	0
155871	7422	0.308459835941	0
3106	156110	2.63016698616e-05	0
155971	4982	0.000196830009903	0
100271694	155908	4.611706e-13	0
3612	155807	0.0537979002477	0
81559	155807	0.000491192577803	0
5901	155908	2.2943503e-12	0
11168	155908	0.0625701673792	0
3384	155971	8.7698915e-10	0
155945	3661	0.999999550903	0
26996	155971	0.00035897695	0
963	155971	0.0041179	0
55690	156110	0.0005606726	0
28981	155971	7.5616335e-10	0
10521	155030	7.563436e-10	0
652070	155459	3.6951348e-10	0
155030	1029	3.95491417393e-11	0
155908	55170	2.6094252e-10	0
156110	926	0.01805593	0
4790	155971	8.5219885e-13	0
155971	2028	0.00223848402408	0
155807	5713	0.9835593	0
156110	19	1.2334633e-05	0
100616444	155908	1.3927829e-09	0
155871	5813	0.126563744089	0
156110	5062	0.118960480964	0
4513	155971	2.4425655e-12	0
156110	100313781	9.621344e-07	0
155971	94025	6.2672837e-07	0
920	155030	0.0920477325917	0
3105	156110	0.000225872587396	0
818	155971	1.34266464613e-09	0
155030	30816	0.261954055066	0
155030	6998	6.196578e-08	0
9730	155807	0.016576705947	0
1154	155459	7.16625e-06	0
3574	155030	0.0011038303	0
200316	155459	0.00284862186546	0
155348	10959	0.00344879385965	0
155971	1755	2.6150169e-09	0
155030	10642	0.0493689894526	0
653108	155908	1.56161070025e-05	0
156110	1234	1.0924729e-07	0
155971	7474	4.82134776547e-09	0
10399	156110	0.0234257779402	0
155459	342574	9.153885e-05	0
155030	1437	2.4681415e-11	0
155807	8941	4.3570022e-08	0
1392	155030	0.00505195289134	0
155908	202559	0.0011639378	0
10714	155807	2.5769632e-05	0
155030	85363	2.6959476e-06	0
3700	155030	2.5338445e-10	0
356	156110	7.6121989232e-06	0
155030	51311	0.0053446295372	0
1437	155030	2.4681415e-11	0
155908	5901	2.2943503e-12	0
155030	947	3.7137935e-11	0
155459	1154	7.74142e-05	0
79719	155030	9.528198e-07	0
4843	155971	1.0116465e-08	0
155030	10462	2.4984507585e-07	0
7020	155030	0.00454143292329	0
4738	155971	3.212333e-08	0
156110	4481	2.6559615e-06	0
155971	1236	1.0640659e-08	0
56655	155030	5.361372e-07	0
155030	100129339	3.551545e-06	0
155030	4734	6.930458e-07	0
155971	4360	1.76551406827e-09	0
8626	155348	6.651432e-05	0
128866	155030	1.15222600572e-07	0
200316	155030	0.0174230367505	0
342574	155459	9.153885e-05	0
7514	155030	3.8142527e-12	0
155030	60489	0.00825865369005	0
6285	156110	0.262043921118	0
925	156110	1.07497531654e-07	0
5886	155807	0.104310940988	0
155971	10714	0.00130152161243	0
155807	653820	3.174848e-08	0
155807	9564	0.000472485972168	0
3700	155908	9.2730816e-11	0
8453	155459	0.0135956451401	0
155807	3091	0.0856538299164	0
975	155030	0.00216477854453	0
7852	155971	0.00032022939884	0
155945	8945	0.47046229242	0
155030	3700	1.3995048e-12	0
155908	6194	2.3322277e-09	0
156110	821	0.016518924	0
30816	155971	2.05954344409e-05	0
155459	7374	0.000144083082458	0
155030	387	2.9650835e-06	0
156110	6714	0.00012277499	0
842	155807	9.689705e-07	0
821	156110	1.4011907e-07	0
10492	155908	0.000160232529158	0
3456	155030	0.09377258	0
5879	155030	9.4685064452e-05	0
10410	155971	4.1117446e-06	0
30835	155971	0.0781705092705	0
27074	155030	3.2449403e-08	0
2	155971	2.14282e-12	0
155971	3932	8.299595e-08	0
155459	29110	1.1246805e-06	0
155971	2064	0.00329866367293	0
155908	3704	0.0173938318826	0
155459	920	5.04684841448e-05	0
155971	5621	0.00014028643	0
6194	155908	2.3322277e-09	0
155030	347376	0.00447227962018	0
26827	155908	7.003465e-08	0
7433	155971	6.1600763e-10	0
3838	155807	2.10153530231e-05	0
2064	155971	0.000430488810549	0
155971	7040	6.34574922831e-07	0
4314	155030	1.7834952e-15	0
103	155908	1.725985e-14	0
94025	155971	9.29938e-08	0
834	155971	1.5528006e-14	0
6774	155971	1.7513863e-05	0
155971	2335	8.0458965e-05	0
51497	155971	3.09044179836e-06	0
156110	920	1.0	1
10714	155971	9.50005505929e-07	0
4261	155030	6.404675e-06	0
155971	407007	4.2445425e-09	0
155807	9730	0.000603063482783	1
155971	8743	5.15372929888e-07	0
801	155971	0.000225381555369	0
5058	156110	0.001105336	0
155971	351	0.00088124577	0
100	155971	3.4100556e-11	0
998	155030	3.3530145e-07	0
155908	983	2.1238047e-05	0
155908	3622	0.00049815397	0
947	155030	3.7137935e-11	0
7253	156110	0.00313899102666	0
155971	2	5.1102043e-14	0
155908	3848	7.899109e-06	0
155971	3385	0.000355070522683	0
3329	155971	1.3920608e-06	0
1128	155945	0.033354573	0
676	155030	1.3584152e-14	0
3458	155908	2.887507e-09	0
684	155459	1.3597185e-05	0
156110	6774	0.00139591988121	0
50863	155971	1.6039067e-08	0
6426	155030	2.1433995e-09	0
155030	3622	5.6473294e-07	0
1803	155971	1.03316244449e-11	0
155030	92421	3.039598e-05	0
1524	155971	9.161507e-13	0
156110	5478	0.000410467703668	0
155908	5903	9.6124226e-14	0
155030	1508	5.21209702908e-06	0
155871	3958	3.60035213788e-05	0
155459	925	4.338129e-08	0
6285	155030	0.0329046296236	0
156110	3558	0.00254597965973	0
3735	155030	0.165999504266	0
155908	4691	0.000432501799398	0
155030	6667	0.655561032768	0
155971	1234	0.887997205932	0
155459	8835	0.00018969536	0
155971	652070	2.5096752e-10	0
925	155971	0.00470807685943	0
155971	7433	0.00013679209	0
4758	155030	4.8813216e-09	0
156110	100616444	0.0016410148	0
5817	156110	1.49800399969e-05	0
155908	10657	9.36562378762e-08	0
155030	1392	0.00337413403271	0
155030	3458	9.25437653252e-05	0
7514	155908	0.261241832601	0
155871	1673	0.00360770476224	0
1234	156110	5.524253e-07	0
3932	156110	0.00103293772902	0
155945	22914	0.00107460383672	0
3565	155030	0.00325022254044	0
7124	155971	0.000119571831719	0
155971	1524	3.2262348e-12	0
100689229	155971	4.1494416e-11	0
155807	3612	0.039655858634	0
155908	1654	3.22471326542e-05	0
24137	155030	0.944934513843	0
4982	155971	7.17140736795e-08	0
155971	1387	6.468529e-08	0
155945	100616444	0.000204753216036	0
653820	155348	1.6003376e-08	0
22914	156110	0.000344045235134	0
155030	5879	8.07117277302e-06	0
155908	11168	0.0846769254936	0
155908	26827	1.1169701e-09	0
728378	155908	2.10999457895e-06	0
155971	973	0.0012138902	0
6387	155971	0.000109912931101	0
155030	1234	1.4617517e-10	0
1489	155030	3.762725e-12	0
2028	155971	1.28039615248e-05	0
155348	8626	6.651432e-05	0
6347	155971	2.64714396292e-07	0
155971	3569	0.000227130865463	0
155030	128866	1.30882938154e-06	0
155030	56655	0.0022669218	0
155030	7514	2.189924e-15	0
8743	155971	1.13283654712e-06	0
155030	3574	1.0778511e-05	0
3622	155030	5.9503935e-07	0
1654	155908	2.62173148807e-05	0
2335	155971	8.0458965e-05	0
5813	155871	5.0538969365e-07	0
834	155030	0.000795993264358	0
3725	155807	5.85406644271e-08	0
54732	155030	2.15422124639e-06	0
6774	156110	0.00139591988121	0
