E1	E2	Probability	Label
155459	60489	1.0	1
202559	155908	0.004763369	0
302	155030	0.0554102428763	0
3107	156110	1.20510322235e-05	0
3458	156110	2.38982e-05	0
155030	4261	1.3516798e-06	0
4594	156110	1.5523671e-08	0
4734	155030	0.9815595	0
3576	155971	6.7586355e-13	0
155908	1653	0.302114654907	0
155030	5594	0.00100051657331	0
155971	3576	1.0510232e-12	0
155459	6921	0.157803056456	0
155971	1272	6.303398e-08	0
155908	7514	0.324884580779	0
1673	155871	5.51066492438e-09	0
155971	26996	0.00012647216	0
156110	356	0.000190444857671	0
155459	8065	0.290058135104	0
3958	155871	0.00483886072158	0
6714	156110	2.4467925e-05	0
156110	3458	2.38982e-05	0
100187828	155871	0.00015571486	0
155945	684	0.999998580058	1
155030	51014	2.378444e-13	0
156110	1493	3.63939433035e-08	0
10462	155030	7.64376931417e-07	0
3836	155807	0.00207711148691	0
1508	155030	3.48613989209e-05	0
10959	155030	0.0119339059317	0
684	155971	4.570257e-06	0
917	156110	7.757827e-05	0
3661	155945	8.80055526514e-05	0
155971	6347	3.82922793474e-09	0
155030	4314	7.6764547e-16	0
156110	6347	3.6113556e-07	0
19	155971	5.689169e-10	0
155971	115362	1.59251312136e-05	0
7852	156110	0.00028678588651	0
155971	6351	2.2891793e-08	0
6998	155971	2.1189453e-05	0
155030	100862696	0.3140208682	0
2028	155908	4.2005787e-12	0
155807	4790	2.05155426458e-06	0
347376	155030	0.000754778341078	0
3502	155971	4.78498895151e-06	0
60489	155459	0.997684186898	0
100616444	155030	0.172232742156	0
155030	10015	0.000232910848635	0
54106	155971	6.589326e-10	0
155030	148362	6.526553e-08	0
156110	7124	1.18414859518e-06	0
100689229	155030	8.98798205357e-05	0
155030	100689229	0.0010251690675	0
155030	27074	1.6731232e-08	0
155030	10521	2.717975e-12	0
155030	100616444	0.299071291692	0
1387	155971	3.2845687e-08	0
155945	5817	0.181358708978	0
6285	155908	0.00312067274547	0
155971	801	1.92556741718e-06	0
310	155030	8.9788434e-09	0
1493	156110	3.57580631771e-11	0
155971	28910	1.6891415e-06	0
155971	3586	3.46656957584e-08	0
6596	155807	0.537458150338	0
155971	4153	6.501248e-05	0
3732	155030	6.625789e-09	0
155971	974	2.027968e-09	0
861	155459	0.0987171546564	0
156110	238	2.3742494e-11	0
1421	155030	0.00053125113	0
156110	3106	0.778657307964	1
155971	3502	7.41784162317e-07	0
156110	5599	1.35717555e-05	0
79966	155971	2.0111267e-07	0
155971	6387	0.161492539353	0
155807	3916	0.0851275	0
653820	155807	3.3902413e-08	0
156110	256987	0.704804709211	0
821	155971	8.99060499382e-08	0
155971	4780	2.50869228724e-08	0
155030	684	4.0970437e-07	0
155030	1629	2.90266262809e-05	0
155030	3565	1.01346845377e-05	0
8835	155459	0.006104221	0
155348	8941	2.6478397e-10	0
155807	5886	0.0621626594518	0
1109	155971	3.1025963e-17	0
5621	155971	0.00018173632	0
1669	155971	8.48520782462e-05	0
155971	51497	7.25953741565e-11	0
155971	10226	0.00180812943795	0
2720	155971	0.059111137	0
19	156110	8.262229e-06	0
5594	155030	0.00131784485979	0
6402	155030	4.907942e-15	0
155807	3725	0.0112554806751	0
728378	155030	4.73118413421e-05	0
155971	834	9.989144e-14	0
156110	684	0.163401281627	0
347376	155807	5.737772e-10	0
27067	155908	0.000367767899813	0
865	155459	0.215622608529	0
155971	2745	0.000555816070295	0
3558	155971	4.130694e-07	0
155807	836	0.0016375991	0
22914	155945	0.00410158075814	0
156110	925	2.9077203675e-05	0
256987	156110	0.437454480775	0
920	155971	0.477268656072	0
155459	865	0.762170682422	0
347376	155971	0.00798066340677	0
155971	28299	0.00101021758894	0
155971	2187	0.000473284494508	0
10714	155348	8.9088404e-05	0
155030	3735	0.446414618788	0
156110	7253	1.90499597811e-05	0
156110	60489	0.000437795067676	0
5478	155030	0.142782596008	0
973	155971	2.1771892e-05	0
155971	30816	5.50237999608e-09	0
6737	155030	6.6201574e-07	0
5478	156110	7.81678988204e-09	0
156110	5817	4.75797562286e-05	0
3178	155971	8.121857e-05	0
1029	155030	1.52919195084e-08	0
155971	4843	3.486684e-11	0
925	155459	6.2221184e-10	0
155971	5122	4.15002923138e-07	0
155971	51311	0.040689353	0
54205	155807	9.380989e-12	0
6772	155971	3.2406472e-06	0
653820	155971	2.44092693502e-07	0
155971	19	1.0765199e-09	0
148362	155030	9.984123e-06	0
155971	10959	0.000267334921446	0
155971	10410	4.1117446e-06	0
25939	155807	0.0214966660101	0
7020	155971	6.02092597668e-06	0
155030	6737	1.7586417e-05	0
4869	155908	1.03529862681e-05	0
5713	155807	2.4594321e-05	0
156110	4594	2.4637805e-08	0
3777	155945	1.20942659915e-05	0
155908	653108	0.00446911423202	0
155971	4790	4.997782e-10	0
156110	6285	0.264255329325	0
155030	4320	8.658228e-19	0
155908	6285	0.00328734891527	0
155971	54106	5.2589346e-09	0
155908	100271694	3.703358e-12	0
100862696	155030	0.027286569186	0
155030	1421	2.8867937e-05	0
3267	155908	2.1301213e-07	0
155908	10492	6.12370660857e-06	0
155030	8941	8.172991e-09	0
155807	25939	0.99964692305	0
2332	155908	9.73408186056e-07	0
8065	155459	0.210669580049	0
155807	842	5.964649e-07	0
155348	10714	5.636985e-05	0
6426	155971	3.81374165581e-09	0
3385	155971	0.0364579285129	0
155807	10980	0.001659967	0
155030	10959	0.00338490750508	0
155945	1128	0.033354573	0
155459	200316	0.999998092406	1
5901	155030	3.8142527e-12	0
155971	3700	0.0897757549871	0
6998	155030	5.718395e-08	0
3106	155030	0.0109172220226	0
8941	155348	6.6978484e-12	0
3840	155807	6.75593727628e-07	0
155030	7251	2.64839327934e-05	0
684	155945	0.777212279019	0
30816	155945	0.000175359495021	0
3700	155971	0.0883675362505	0
155908	4869	5.52573728996e-07	0
3135	156110	3.7141506537e-09	0
3603	155971	8.9641117e-07	0
100616444	155945	0.000362075479232	0
7432	155971	5.6197496e-09	0
6693	155971	8.49053127805e-09	0
155908	3267	2.627568e-07	0
155971	4513	8.464715e-11	0
156110	11337	1.2167918e-09	0
156110	1435	2.04076257493e-06	0
155971	1109	1.4200124e-12	0
156110	2736	0.00738886393763	0
155971	80279	0.0	0
920	155459	7.55086902904e-06	0
155030	1489	1.3358507e-06	0
9733	155871	0.00373093229723	0
155971	347376	0.00798066340677	0
6348	155971	2.4331277515e-07	0
940	156110	4.23746718802e-05	0
155030	5478	0.117316502373	0
920	156110	0.498355689711	0
5062	156110	0.000648861599376	0
155348	10075	2.65318639581e-06	0
155971	5933	1.1773553e-08	0
10980	155807	0.001659967	0
2745	155971	0.0009797915884	0
23547	156110	5.52548219235e-06	0
5122	155971	0.000447537163297	0
155971	6998	6.101956e-06	0
155030	7329	2.1279406e-05	0
156110	55690	4.832965e-05	0
155030	975	0.0222445118462	0
155971	5599	0.0	0
51311	155971	0.00064867915	0
155030	286	5.41950798905e-07	0
6402	155971	7.49622586227e-13	0
156110	3932	0.118664817696	0
10015	155030	0.0495878812066	0
387	155030	4.731796e-05	0
155807	55540	0.00080258228158	0
155971	3384	2.9465727e-07	0
155807	81559	0.0315374151806	0
5933	155971	1.0591995e-09	0
155807	347376	6.9027194e-11	0
904	155871	0.229952574566	0
155971	30835	0.0928182183503	0
3622	155908	1.7612974e-09	0
156110	7852	0.626117246487	0
920	155945	0.376743028702	0
10075	155348	2.70359215615e-06	0
155807	6596	0.999930877414	0
155807	10959	0.09377258	0
1392	155971	2.059626e-05	0
23241	156110	1.2834223e-06	0
7422	155871	1.31844509965e-05	0
1629	155030	8.28538041509e-08	0
155348	51014	2.754221e-10	0
156110	7020	7.05057650483e-05	0
3704	155908	1.09074587094e-05	0
155030	79719	5.832977e-07	0
1272	155971	6.303398e-08	0
925	155030	2.83864798937e-05	0
29110	156110	4.52247340473e-05	0
155030	920	0.134940172779	0
155908	3458	0.00019411319	0
972	155945	0.0944900663713	0
155807	3735	0.333665952935	0
156110	917	7.757827e-05	0
115362	155971	9.44751030162e-05	0
4481	156110	1.6398882e-13	0
155030	6402	7.582213e-14	0
3458	155971	9.38138455808e-14	0
155908	2332	1.44640643018e-07	0
1653	155908	0.480763907782	0
5599	156110	4.134214e-13	0
7251	155030	3.07113892396e-05	0
155971	79966	2.0111267e-07	0
155971	3458	1.1901590824e-13	0
155908	100616444	1.1862957e-11	0
6285	155945	5.9196405e-05	0
155030	310	1.3765676e-08	0
155030	3106	0.00785449014944	0
100129339	155030	4.92211e-05	0
7474	155971	0.0	0
155908	103	1.725985e-14	0
238	156110	5.397784e-13	0
2736	156110	0.00285902037919	0
155971	3107	1.4609414e-09	0
10226	155971	0.00937982906243	0
155030	81030	1.19220574635e-06	0
155871	904	0.220127418655	0
84268	155908	4.18907690082e-05	0
2028	155030	2.353748e-14	0
55540	155807	0.00080258228158	0
286	155030	1.1438432288e-06	0
3848	155908	0.00070484984	0
3932	155971	8.299595e-08	0
54472	155971	8.049764e-17	0
1056	155971	7.455979e-11	0
1435	156110	1.37538980205e-10	0
156110	2534	0.150215156608	0
7329	155030	3.0425945e-06	0
983	155908	0.6409116	0
4780	155971	6.27897844829e-10	0
51014	155348	2.754221e-10	0
7374	155459	0.00123375176883	0
155030	5901	2.189924e-15	0
155030	7020	0.000235523495409	0
155971	925	0.00806975932532	0
10657	155908	2.22548611761e-08	0
5599	155971	0.0	0
155971	3178	1.5409218e-07	0
156110	23547	5.78946711471e-06	0
155030	6285	0.122187649381	0
156110	3606	1.34493248671e-06	0
155971	684	3.5278223e-12	0
80279	155971	0.0	0
155971	50863	6.271935e-10	0
155030	3456	0.12802604	0
6921	155459	0.000431103174398	0
9648	156110	1.9417844e-06	0
155971	7124	1.93648944879e-07	0
28299	155971	0.00199430306835	0
1236	155971	1.0640659e-08	0
4691	155908	1.8633683887e-06	0
155971	7852	0.00568106758598	0
48	155908	8.19923994281e-05	0
155971	963	0.00012440591	0
92421	155030	1.5223336e-06	0
5817	155945	0.000786457690893	0
155971	28981	1.0374203e-08	0
155971	1392	6.3415873e-09	0
155030	24137	0.00519719596588	0
155971	6890	0.000354175593052	0
155459	861	0.126961280711	0
6890	155971	2.16627382699e-10	0
10959	155971	0.000205736847121	0
155030	302	0.00307542972837	0
155871	100187828	0.103287615	0
4153	155971	0.013998854	0
3055	156110	9.66301824401e-06	0
1984	155908	0.0075247940675	0
3558	156110	0.00041573583662	0
30816	155908	7.48676039497e-07	0
156110	23241	0.0014264977	0
10673	155971	1.6922173e-05	0
155908	48	2.36941721669e-05	0
155971	6693	3.81212346467e-07	0
155971	6426	8.68647631602e-09	0
155030	54732	3.06986890597e-06	0
155030	54539	1.59539059486e-06	0
155945	972	0.150137678467	0
100616444	155971	3.47832628256e-08	0
155807	3836	2.11843006057e-05	0
155971	7020	2.9214098059e-05	0
155971	5045	0.00265735469048	0
155971	54472	1.9716498e-16	0
8945	155945	0.990973285295	0
407007	155971	2.4532611e-09	0
155971	6774	2.8932343e-05	0
4320	155030	1.551992e-18	0
5524	155030	7.6782025e-11	0
155971	3329	6.070504e-07	0
155971	100689229	4.1494416e-11	0
51311	155030	7.97003653075e-08	0
841	155807	5.617073e-07	0
85363	155030	2.4283745e-05	1
2534	156110	3.99613453439e-10	0
155971	1232	4.887184e-06	0
155908	30816	1.98742553525e-08	0
155971	10673	1.6922173e-05	0
3916	155807	0.0515488	0
100313781	156110	3.2819262e-08	0
5045	155971	0.000391816904479	0
156110	3105	0.995417048133	1
155971	818	0.0	0
7020	156110	0.0122892189667	0
25939	155459	1.3597185e-05	0
29082	155030	0.00117498787173	0
5903	155908	3.3293477e-14	0
1234	155030	1.4617517e-10	0
155945	6285	5.9196405e-05	0
974	155971	2.027968e-09	0
155030	6426	1.5734807e-09	0
155971	100616444	2.15191595654e-08	0
155971	653820	0.000161062524837	0
3565	155971	0.186648608454	0
1755	155971	9.420836e-11	0
6667	155030	0.0444129295275	0
155459	10959	8.437051e-08	0
155971	2720	0.071656324	0
155971	920	0.885112199248	0
155459	684	0.00038936437	0
155971	6348	2.43312775261e-07	0
155971	1056	4.307328e-11	0
155945	3777	0.0299417118857	0
155908	84268	0.000135048066123	0
3735	155807	0.000286272989505	0
10959	155807	0.12802604	0
155945	4738	0.000884162744705	0
9564	155807	0.000218080672984	0
156110	3135	4.52062937276e-05	1
60489	155030	0.0167972959133	0
3586	155971	3.46656957584e-08	0
10656	155908	3.442059e-05	0
155971	7432	4.3437097e-08	0
3458	155030	0.000134816897191	0
155030	834	0.00845260766556	0
155971	821	9.67481681102e-07	0
155971	1803	2.4842887747e-09	0
81030	155030	0.000232869968359	0
155971	6402	3.60966811996e-12	0
155030	653820	0.00167695891858	0
155908	728378	5.82976868062e-05	0
55170	155908	1.4612332e-10	0
351	155971	0.00047937236	0
4738	155945	0.000884341984566	0
155945	30816	2.29898130544e-06	0
155971	1669	9.1210478284e-05	0
155030	3732	0.10129793	0
156110	29110	0.305413659968	0
155908	27067	0.0022466283414	0
1234	155971	0.00262805379824	0
156110	3055	0.230084415111	0
54539	155030	5.62988228281e-06	0
155459	164668	0.998174708176	1
7124	156110	0.00514134317482	0
155908	1984	0.00687031580966	0
155459	652070	4.3609263e-05	0
156110	5058	0.71698123	0
155807	3840	1.2870585131e-05	0
8941	155030	1.9167019e-06	0
155871	9733	0.000206685077038	0
1232	155971	1.7745943e-08	0
100616444	156110	1.15591675e-07	0
155908	10656	0.0046163113	0
155459	8453	0.00176368098111	0
10959	156110	0.00166857938093	0
155459	25939	0.00038936437	0
156110	57026	1.7474706e-05	0
3569	155971	7.3606718054e-08	0
653820	155030	0.00167565556015	0
155030	728378	0.0192377353465	0
926	156110	0.033777297	0
7040	155971	1.02085828557e-06	0
60489	156110	0.000437795067676	0
29110	155459	1.1246805e-06	0
10959	155459	1.9163327e-08	0
155030	5524	0.0018228734	0
156110	22914	0.000279670238287	0
155971	100	8.597028e-06	0
156110	10399	0.163056524195	0
155971	3603	1.2870716e-10	0
684	155030	1.8944806e-07	0
30816	155030	0.2462863482	0
3091	155807	0.000341557912689	0
155030	29082	0.0214289678607	0
155348	653820	3.6574704e-08	0
155030	925	0.523750921088	0
156110	940	9.32361455563e-05	0
155971	3558	6.018067e-07	0
3107	155971	1.5705512e-09	0
156110	9648	0.0018652793	0
155030	676	1.2603312e-08	0
155807	10714	0.007574137	0
3606	156110	5.53861060348e-08	0
155807	3838	6.41023265149e-05	0
155908	2028	1.579458e-13	0
156110	10959	0.000640247599485	0
155459	100616444	9.58763982977e-05	0
57026	156110	1.7474706e-05	0
100616444	155459	0.00204812093834	0
28910	155971	3.0785305e-08	0
155971	6772	1.2039614e-08	0
2187	155971	2.31017507356e-05	0
155030	4758	1.885946e-12	0
6347	156110	4.1224193e-09	0
6351	155971	1.1068279e-14	0
155971	4738	8.754599e-10	0
51014	155030	1.5974495e-08	0
164668	155459	0.989152355771	0
4360	155971	4.33176827741e-11	0
4790	155807	3.03879777674e-07	0
156110	3107	0.0362862512826	1
155030	200316	0.0225287053818	0
155945	920	1.0	1
836	155807	0.00011219718	0
155030	2028	6.712661e-15	0
684	156110	0.0755693849409	0
8941	155807	2.2585214e-08	0
155971	3565	0.003218420469	0
155030	998	2.0360012e-06	0
155807	54205	0.00041392707	0
11337	156110	7.9246354e-07	0
10959	155348	0.00134288737255	0
652070	155971	2.5096752e-10	0
155908	3700	9.2730816e-11	0
155807	841	4.6850658e-07	0
10642	155030	0.0889052948094	0
155871	7422	0.281732752857	0
3106	156110	3.68737507246e-05	0
155971	4982	0.000281464851928	0
100271694	155908	4.611706e-13	0
3612	155807	0.123232654638	0
81559	155807	0.000761496419007	0
5901	155908	2.2943503e-12	0
11168	155908	0.0886061961299	0
3384	155971	8.7698915e-10	0
155945	3661	1.0	0
26996	155971	0.00035897695	0
963	155971	0.0041179	0
55690	156110	0.0005606726	0
28981	155971	7.5616335e-10	0
10521	155030	7.563436e-10	0
652070	155459	3.6951348e-10	0
155030	1029	9.32678378973e-11	0
155908	55170	2.6094252e-10	0
156110	926	0.01805593	0
4790	155971	8.5219885e-13	0
155971	2028	0.00982273443838	0
155807	5713	0.9835593	0
156110	19	1.2334633e-05	0
100616444	155908	1.3927829e-09	0
155871	5813	0.160699692182	0
156110	5062	0.311502694314	0
4513	155971	2.4425655e-12	0
156110	100313781	9.621344e-07	0
155971	94025	6.2672837e-07	0
920	155030	0.0958787530068	0
3105	156110	1.50992249337e-06	0
818	155971	0.0	0
155030	30816	0.327946824407	0
155030	6998	6.196578e-08	0
9730	155807	0.0253782753743	0
1154	155459	7.16625e-06	0
3574	155030	0.0011038303	0
200316	155459	0.00344985462806	0
155348	10959	0.00792937914544	0
155971	1755	2.6150169e-09	0
155030	10642	0.120139516991	0
653108	155908	2.04615435706e-10	0
156110	1234	1.0924729e-07	0
155971	7474	0.0	0
10399	156110	0.011641798216	0
155459	342574	9.153885e-05	0
155030	1437	2.4681415e-11	0
155807	8941	4.3570022e-08	0
1392	155030	0.000140665120101	0
155908	202559	0.0011639378	0
10714	155807	2.5769632e-05	0
155030	85363	2.6959476e-06	0
3700	155030	2.5338445e-10	0
356	156110	4.00688371371e-10	0
155030	51311	0.000190549849716	0
1437	155030	2.4681415e-11	0
155908	5901	2.2943503e-12	0
155030	947	3.7137935e-11	0
155459	1154	7.74142e-05	0
79719	155030	9.528198e-07	0
4843	155971	1.0116465e-08	0
155030	10462	2.31621888314e-06	0
7020	155030	0.000221402786604	0
4738	155971	3.212333e-08	0
156110	4481	2.6559615e-06	0
155971	1236	1.0640659e-08	0
56655	155030	5.361372e-07	0
155030	100129339	3.551545e-06	0
155030	4734	6.930458e-07	0
155971	4360	3.97348143277e-09	0
8626	155348	6.651432e-05	0
128866	155030	1.69123247629e-07	0
200316	155030	0.000550031242541	0
342574	155459	9.153885e-05	0
7514	155030	3.8142527e-12	0
155030	60489	0.0168585249932	0
6285	156110	0.332604133329	0
925	156110	2.3482801137e-07	0
5886	155807	0.169878891257	0
155971	10714	7.86044599588e-06	0
155807	653820	3.174848e-08	0
155807	9564	0.00248502966943	0
3700	155908	9.2730816e-11	0
8453	155459	0.00181847999146	0
155807	3091	0.143230279429	0
975	155030	9.57217286306e-05	0
7852	155971	0.000487939151174	0
155945	8945	0.714598250084	0
155030	3700	1.3995048e-12	0
155908	6194	2.3322277e-09	0
156110	821	0.016518924	0
30816	155971	5.68235214438e-09	0
155459	7374	0.000191608903851	0
155030	387	2.9650835e-06	0
156110	6714	0.00012277499	0
842	155807	9.689705e-07	0
821	156110	1.4011907e-07	0
10492	155908	4.88429384715e-08	0
3456	155030	0.09377258	0
5879	155030	0.00025076217864	0
10410	155971	4.1117446e-06	0
30835	155971	0.123396293379	0
27074	155030	3.2449403e-08	0
2	155971	2.14282e-12	0
155971	3932	8.299595e-08	0
155459	29110	1.1246805e-06	0
155971	2064	1.01564855197e-05	0
155908	3704	0.00269629845539	0
155459	920	0.00015869357754	0
155971	5621	0.00014028643	0
6194	155908	2.3322277e-09	0
155030	347376	0.00627563423267	0
26827	155908	7.003465e-08	0
7433	155971	6.1600763e-10	0
3838	155807	7.26103307201e-05	0
2064	155971	1.49266020988e-07	0
155971	7040	1.9661849151e-06	0
4314	155030	1.7834952e-15	0
103	155908	1.725985e-14	0
94025	155971	9.29938e-08	0
834	155971	1.5528006e-14	0
6774	155971	1.7513863e-05	0
155971	2335	8.0458965e-05	0
51497	155971	2.49540388353e-11	0
156110	920	1.0	1
10714	155971	1.34181554756e-12	0
4261	155030	6.404675e-06	0
155971	407007	4.2445425e-09	0
155807	9730	0.00111256344189	1
155971	8743	1.01305459743e-06	0
801	155971	1.99116015454e-07	0
5058	156110	0.001105336	0
155971	351	0.00088124577	0
100	155971	3.4100556e-11	0
998	155030	3.3530145e-07	0
155908	983	2.1238047e-05	0
155908	3622	0.00049815397	0
947	155030	3.7137935e-11	0
7253	156110	0.00977412329717	0
155971	2	5.1102043e-14	0
155908	3848	7.899109e-06	0
155971	3385	0.00158040298124	0
3329	155971	1.3920608e-06	0
1128	155945	0.033354573	0
676	155030	1.3584152e-14	0
3458	155908	2.887507e-09	0
684	155459	1.3597185e-05	0
156110	6774	1.76881036518e-06	0
50863	155971	1.6039067e-08	0
6426	155030	2.1433995e-09	0
155030	3622	5.6473294e-07	0
1803	155971	7.30833171758e-11	0
155030	92421	3.039598e-05	0
1524	155971	9.161507e-13	0
156110	5478	1.20947599302e-06	0
155908	5903	9.6124226e-14	0
155030	1508	3.94047480288e-05	0
155871	3958	6.09843428683e-05	0
155459	925	4.338129e-08	0
6285	155030	0.0905940959522	0
156110	3558	0.000425072213214	0
3735	155030	0.199910978035	0
155908	4691	1.89654596205e-06	0
155030	6667	0.764056783525	0
155971	1234	0.918150146037	0
155459	8835	0.00018969536	0
155971	652070	2.5096752e-10	0
925	155971	0.00780398695582	0
155971	7433	0.00013679209	0
4758	155030	4.8813216e-09	0
156110	100616444	0.0016410148	0
5817	156110	3.19046402351e-05	0
155908	10657	4.50525080908e-07	0
155030	1392	0.000127768248258	0
155030	3458	0.000126119213033	0
7514	155908	0.311491515031	0
155871	1673	0.00673501913217	0
1234	156110	5.524253e-07	0
3932	156110	0.00435926957903	0
155945	22914	2.94805482627e-05	0
3565	155030	4.58355227113e-05	0
7124	155971	1.5586150226e-07	0
155971	1524	3.2262348e-12	0
100689229	155971	4.1494416e-11	0
155807	3612	0.0904727908235	0
155908	1654	4.98968057711e-05	0
24137	155030	0.989335553078	0
4982	155971	1.28138383571e-07	0
155971	1387	6.468529e-08	0
155945	100616444	0.000571802055712	0
653820	155348	1.6003376e-08	0
22914	156110	1.45866568046e-06	0
155030	5879	2.24882256777e-05	0
155908	11168	0.121375366244	0
155908	26827	1.1169701e-09	0
728378	155908	3.45308238414e-06	0
155971	973	0.0012138902	0
6387	155971	0.000238042178595	0
155030	1234	1.4617517e-10	0
1489	155030	3.762725e-12	0
2028	155971	0.000321387902751	0
155348	8626	6.651432e-05	0
6347	155971	6.06070749143e-13	0
155971	3569	4.55277588962e-08	0
155030	128866	2.63610289108e-06	0
155030	56655	0.0022669218	0
155030	7514	2.189924e-15	0
8743	155971	1.79792503696e-06	0
155030	3574	1.0778511e-05	0
3622	155030	5.9503935e-07	0
1654	155908	4.97959390657e-05	0
2335	155971	8.0458965e-05	0
5813	155871	7.64614274895e-07	0
834	155030	0.00151595858192	0
3725	155807	5.91175039699e-07	0
54732	155030	3.35097251691e-06	0
6774	156110	1.76881036518e-06	0
