ENTITY1	ENTITY2	PROBABILITY	LABEL
155459	60489	1.0	0
155908	7514	1.0	1
156110	356	1.0	0
155459	8065	1.0	0
155945	684	1.0	1
60489	155459	1.0	0
155030	10015	1.0	1
155971	6387	1.0	0
920	155971	1.0	1
5478	155030	1.0	0
155971	5122	1.0	0
8065	155459	1.0	0
155971	3700	1.0	0
684	155945	1.0	1
3700	155971	1.0	0
920	156110	1.0	0
5122	155971	1.0	0
10015	155030	1.0	1
155971	30835	1.0	0
920	155945	1.0	0
925	155030	1.0	0
29110	156110	1.0	0
7251	155030	1.0	1
155030	3106	1.0	1
155971	925	1.0	0
155971	7852	1.0	1
155971	5045	1.0	0
5045	155971	1.0	0
155971	920	1.0	1
155971	1803	1.0	0
1234	155971	1.0	1
155030	925	1.0	0
155945	920	1.0	0
3612	155807	1.0	0
356	156110	1.0	0
156110	29110	1.0	0
7852	155971	1.0	1
30835	155971	1.0	0
156110	920	1.0	0
1803	155971	1.0	0
155971	1234	1.0	1
925	155971	1.0	0
7514	155908	1.0	1
155807	3612	1.0	0
6387	155971	1.0	0
155030	5478	0.9999999999999981	0
155030	7251	0.9999999999999768	1
156110	3932	0.9999999999999588	1
3932	156110	0.999999999999896	1
6348	155971	0.9999999999989042	0
155971	6348	0.9999999999989042	0
60489	155030	0.999999999998728	1
3106	155030	0.9999999999978283	1
155030	60489	0.9999999999967704	1
10959	155030	0.9999999999964774	0
821	155971	0.9999999999956586	1
155030	10959	0.999999999976798	0
155971	821	0.9999999998883542	1
156110	3055	0.9999999998766731	1
155908	728378	0.9999999998648216	0
2187	155971	0.9999999998193224	0
3055	156110	0.9999999997836467	1
5062	156110	0.9999999982234473	1
156110	5062	0.9999999980316118	1
155807	3735	0.9999999930157322	0
155971	2187	0.9999999922612175	0
3735	155807	0.9999999860081468	0
155459	164668	0.9999999638957507	0
155971	7020	0.9999998614997643	0
155971	801	0.999999843439	0
155030	100616444	0.9999997705110468	0
728378	155908	0.9999997699970578	0
801	155971	0.9999997096231972	0
155030	302	0.9999996952159725	1
100616444	155030	0.9999996751623333	0
164668	155459	0.9999994070400184	0
5901	155908	0.9999994	0
155908	5901	0.9999994	0
302	155030	0.999999371113633	1
155908	1984	0.9999991593992565	0
155971	6351	0.99999905	0
1984	155908	0.9999989388132456	0
155908	11168	0.9999985730977718	0
155030	920	0.9999985666395286	1
7020	155971	0.9999985054699284	0
155807	3916	0.99999845	0
155971	1524	0.99999785	1
11168	155908	0.9999978443485567	0
9564	155807	0.9999975294606145	0
6351	155971	0.99999714	0
920	155030	0.9999970131834127	1
155908	1653	0.9999965288429506	1
6285	156110	0.999996176165573	0
1524	155971	0.9999951	1
155807	3091	0.9999938650969261	0
1653	155908	0.9999930649199802	1
3916	155807	0.9999925	0
156110	6285	0.9999831876851764	0
155908	2332	0.9999794414357861	0
6347	155971	0.9999687700486725	0
3091	155807	0.9999637177329569	0
155971	6347	0.9999541000519377	0
904	155871	0.9999450529076491	1
155871	904	0.9999450518908913	1
155030	24137	0.9999439780824241	1
7020	156110	0.9999374616796941	0
156110	7020	0.9999372596182112	0
155030	5901	0.99993443	0
155030	7514	0.99993443	0
5478	156110	0.9999144000009257	0
155030	29082	0.9999133054187296	1
155807	9564	0.9998897097528714	0
155459	200316	0.9998841007264507	1
155971	1232	0.9998827	0
156110	5478	0.9998604000003704	0
5901	155030	0.99982554	0
7514	155030	0.99982554	0
200316	155459	0.9998230054314624	1
155871	7422	0.9997896600001369	0
1232	155971	0.9997738	0
2332	155908	0.9997317869506477	0
24137	155030	0.9997189934099923	1
155459	865	0.9997121925228284	0
29082	155030	0.9996520981881067	1
28299	155971	0.9993792211742604	0
7422	155871	0.9993642000016512	0
100	155971	0.9992914	0
3622	155030	0.99920744	0
3458	155030	0.9990324023185279	0
155030	3458	0.999032312267408	0
155030	3622	0.9990094	0
865	155459	0.9989994348730611	0
155030	4734	0.9986015	0
155971	100	0.99845135	0
155971	1056	0.9982173	0
1056	155971	0.99799746	0
4734	155030	0.99780697	0
155971	10959	0.9977547183702407	0
155945	1128	0.99770504	0
1128	155945	0.99770504	0
10959	155971	0.9975547662474302	0
155807	10980	0.99741733	0
10980	155807	0.99741733	0
7852	156110	0.9973779405595098	1
92421	155030	0.99731725	1
155030	7329	0.99724364	1
155971	28910	0.99698204	0
4691	155908	0.9969624508309501	0
155908	4691	0.996953193921222	0
155030	92421	0.99663514	1
3105	156110	0.9959802779993244	1
55690	156110	0.99579084	0
28910	155971	0.99576145	0
818	155971	0.9945228850975	0
156110	100616444	0.9930837	0
5599	155971	0.992418174908536	0
4843	155971	0.99206805	0
155971	818	0.99204149801965	0
155030	3735	0.9918161648672649	0
100616444	156110	0.99088216	0
3735	155030	0.9896425934277631	0
155971	2028	0.9896283450533494	0
155971	28299	0.989534433722686	0
7329	155030	0.989167	1
155030	975	0.9889481165805312	1
3840	155807	0.9889361076854386	0
155807	3840	0.9887294271492922	0
155459	920	0.986346849755894	0
155945	3661	0.9840985388834079	1
155971	8743	0.9831937600886664	0
972	155945	0.9829342902749317	0
156110	55690	0.98217255	0
7020	155030	0.9813186514526924	0
155030	7020	0.9813186508290386	0
920	155459	0.9808814409968568	0
155807	55540	0.9801880599228185	0
55540	155807	0.9801880599228185	0
100862696	155030	0.9791460533728054	0
155971	3385	0.9780687099113345	0
155945	972	0.9773924817767313	0
1755	155971	0.9764534	0
155807	5886	0.9756302997835655	0
155971	19	0.9738227	0
156110	684	0.9736018365439164	0
19	155971	0.9733011	0
28981	155971	0.97314745	0
2028	155971	0.9727241474553091	0
1387	155971	0.9698406	0
115362	155971	0.9639968570636713	0
7124	156110	0.9623778527462629	0
8743	155971	0.9612641661607081	0
156110	7124	0.9584039821234731	0
155971	4843	0.95693445	0
684	156110	0.9495142591782386	0
3106	156110	0.9463176277708635	1
10075	155348	0.9451133365211208	0
155971	5599	0.94469715881164	0
155971	28981	0.94447947	0
155971	1755	0.94260454	0
156110	7852	0.9370804986284664	1
3385	155971	0.936826798322477	0
155030	100862696	0.9342353180210679	0
5886	155807	0.9342159945344396	0
50863	155971	0.9330133	0
5713	155807	0.92731076	0
25939	155459	0.9258251	0
684	155459	0.9258251	0
155971	50863	0.9173873	0
155945	100616444	0.9160261362832862	0
5817	156110	0.9136908437905065	0
347376	155030	0.9101857730071826	0
3661	155945	0.9101186917798512	1
155030	347376	0.9092674353090283	0
155030	3732	0.8986902	1
155030	728378	0.88998606607468	0
155971	4982	0.8792391249834609	0
155971	2	0.8787983	0
23241	156110	0.8781438	0
54106	155971	0.8675209	0
155459	25939	0.8593484	0
155459	684	0.8593484	0
155971	3384	0.85901916	0
728378	155030	0.852088536495395	0
3732	155030	0.8501546	1
975	155030	0.8462173833485159	1
94025	155971	0.8445424	0
156110	5817	0.8347290793539048	0
155971	115362	0.8240438895699256	0
155807	5713	0.8201554	0
155971	1387	0.81919056	0
155971	2745	0.8095535939493906	0
2745	155971	0.8080268799032968	0
155971	94025	0.80678374	0
156110	23241	0.8011379	0
2534	156110	0.7795139699690862	0
3384	155971	0.77554524	0
155971	7432	0.7732591	0
155971	54106	0.7295864	0
4360	155971	0.7284566781669757	0
6693	155971	0.7170809817447804	0
7432	155971	0.71388906	0
4982	155971	0.7001697030578802	0
155459	6921	0.6937276378398369	0
4780	155971	0.6889697978055995	0
155971	4360	0.6777580114364605	0
155030	30816	0.662356875095611	0
30816	155030	0.6579625284739858	0
6921	155459	0.640404582311145	0
155971	4780	0.6205330187817857	0
7474	155971	0.6200168055528579	0
1508	155030	0.6145394098274366	0
5817	155945	0.6110976809623011	0
155945	5817	0.6057039942576088	0
155971	6693	0.6041746339520111	0
155971	7474	0.5923487716341129	0
155030	1508	0.5920948098630636	0
156110	3106	0.5920140718085914	1
156110	10399	0.582283666683098	0
2	155971	0.5791079	0
10399	156110	0.5578929352284648	0
156110	2534	0.5553154498730499	0
155908	3267	0.5499987	0
155945	3777	0.5419169311813467	0
22914	156110	0.5399541919574672	0
10462	155030	0.5397477066011052	0
10642	155030	0.513552174613781	1
128866	155030	0.5055750979622778	1
84268	155908	0.48859584001015777	0
156110	22914	0.4882545493539352	0
155348	10075	0.48109496295593523	0
155030	10462	0.4792072574581303	0
155030	128866	0.4768052004938734	1
156110	1435	0.4633387190097157	0
5879	155030	0.4449256809201316	0
155807	9730	0.44463104294820965	1
9730	155807	0.4443990825522951	1
156110	23547	0.4413465613240616	0
23547	156110	0.44134654163991605	0
155908	84268	0.43819314001115894	0
100616444	155945	0.4222459986762639	0
156110	821	0.41828254	0
48	155908	0.41691484395106393	0
925	156110	0.4017837362466061	1
156110	3105	0.39381636624026906	1
3565	155971	0.389192317576709	0
155971	3565	0.38808376302690717	0
684	155030	0.3879283	1
79719	155030	0.38454220000000006	0
940	156110	0.3776573209461468	1
155030	6285	0.37215278918769934	0
821	156110	0.36322656	0
6285	155030	0.36180619219728616	0
155030	10642	0.32878670615247974	1
155459	861	0.316244091197852	0
861	155459	0.30930537669075475	0
155971	6890	0.3083764036940635	0
2720	155971	0.30175894000000003	0
155030	3456	0.30153304000000003	0
10959	155807	0.30153304000000003	0
925	155459	0.30070814	0
81030	155030	0.29875154751497024	0
155807	10959	0.29793388	0
3456	155030	0.29793388	0
155971	351	0.29323444	0
155030	148362	0.2791394300000001	0
155030	947	0.27184257	0
947	155030	0.27184257	0
155459	925	0.2695499	0
155030	79719	0.26171225	0
155030	5879	0.2555666600327774	0
148362	155030	0.25169215	0
3267	155908	0.24529390000000006	0
156110	925	0.24504094282779465	1
351	155971	0.23484918	0
155971	2335	0.22806278000000002	0
2335	155971	0.22806278000000002	0
155971	2720	0.22793746999999998	0
3777	155945	0.224135487632385	0
3107	156110	0.21953508116019116	0
156110	2736	0.21720508272548633	0
1109	155971	0.2131579	0
156110	940	0.19310037298899607	1
10226	155971	0.18048621573665757	0
51311	155971	0.17493808	0
155971	10226	0.16774336854656813	0
155971	684	0.16674721000000003	1
155908	48	0.15606079345821666	0
155971	51311	0.15529439	0
684	155971	0.15307307000000003	1
256987	156110	0.1471850976097383	0
2736	156110	0.1397351506599087	0
4869	155908	0.13883438712251128	1
1435	156110	0.13860230243795368	0
4738	155945	0.13615361102662504	0
155459	7374	0.12787476000026332	0
156110	256987	0.1278531877330521	0
3932	155971	0.12358716000000003	0
155971	3932	0.12358716000000003	0
155908	4869	0.12331130913838273	1
7374	155459	0.12085056000018946	0
155030	684	0.11912002	1
6285	155908	0.11729481038833822	0
155908	6285	0.1164880804943742	0
155908	27067	0.1035136878754257	0
27067	155908	0.10259735560910821	0
155971	1272	0.10100781999999997	0
1272	155971	0.10100781999999997	0
155807	3836	0.09872933939625161	0
3836	155807	0.09872926942214744	0
6667	155030	0.09047833543576811	0
155971	5621	0.08775776599999996	0
5621	155971	0.08691291000000001	0
155030	6667	0.08441815813709974	0
155030	2028	0.08163675000000004	0
1421	155030	0.07701877499999998	0
155908	983	0.07337940499999995	0
155971	7433	0.07237819600000006	0
7124	155971	0.06909884629855212	0
653820	155030	0.06902733930358618	0
8945	155945	0.06735025615697965	0
155030	1421	0.06719902	0
1236	155971	0.06456251400000002	0
155971	1236	0.06456251400000002	0
6890	155971	0.06259495770507106	0
155971	1109	0.06216247399999997	0
983	155908	0.05820783600000001	0
155030	286	0.052260442630431836	0
155971	100689229	0.052072283	0
100689229	155971	0.052072283	0
155971	7124	0.05204761881451536	0
1654	155908	0.05111899520711616	0
155908	1654	0.050500852665760765	0
156110	60489	0.04193913570239893	0
60489	156110	0.04193913570239893	0
155945	8945	0.03854831685569171	0
155030	834	0.03808393917004704	0
155030	81030	0.03475896026946668	0
7253	156110	0.03438253529702162	0
7433	155971	0.032727689999999976	0
3704	155908	0.032265069326358975	0
155971	7040	0.0320936874154677	0
7040	155971	0.032093663753919865	0
79966	155971	0.02853787699999999	0
155971	79966	0.02853787699999999	0
155871	5813	0.02682702571888651	0
156110	3606	0.02655029974354306	0
155908	3704	0.026436135573798758	0
2028	155030	0.02640400300000001	0
6426	155030	0.024245720000000026	0
155030	6426	0.023017869999999996	0
6285	155945	0.02111193	0
155945	6285	0.02111193	0
10959	155348	0.02019533988342581	0
156110	10959	0.018862112038923518	0
286	155030	0.017496406724125002	0
9733	155871	0.015676311724111436	0
54732	155030	0.014629969005696464	0
156110	100313781	0.014172525999999963	0
10959	156110	0.01365851223324277	0
5813	155871	0.013570114390172971	0
3606	156110	0.013340375958942552	0
156110	3107	0.013077734512954797	0
1673	155871	0.012971405080973275	0
3502	155971	0.012727746132537465	0
155971	3107	0.012119474000000019	0
926	156110	0.01150258000000004	1
155945	4738	0.011243575175072351	0
100313781	156110	0.00992454899999995	0
155871	9733	0.009593958661148316	0
156110	926	0.009580832000000039	1
1392	155030	0.009052412470776261	0
155030	1392	0.008618456470982472	0
155871	1673	0.008264919028254769	0
156110	7253	0.007813475310862295	0
834	155030	0.007763309030170973	0
155030	3700	0.0077601689999999834	0
6402	155971	0.007662758380832746	0
81559	155807	0.006964654317977881	0
155807	81559	0.006811338472796136	0
156110	57026	0.006706890000000021	0
57026	156110	0.006706890000000021	0
155348	10959	0.006001705751051967	0
155971	3502	0.00589955602162362	0
10656	155908	0.005216210000000054	0
3565	155030	0.004989148807446275	0
155807	836	0.0048950909999999626	0
155030	653820	0.004561225984736628	0
155030	998	0.004068255399999998	0
155030	3565	0.0037856480498263956	0
3700	155030	0.00372184980000001	0
836	155807	0.003566648299999975	0
155459	8835	0.0032442298000000536	0
155871	3958	0.0029992761311153915	0
998	155030	0.002941288000000042	0
155971	6402	0.002718291346935575	0
3107	155971	0.002670134699999993	0
6596	155807	0.002508850744639135	0
10492	155908	0.002414368906655362	0
22914	155945	0.00240011792162087	0
155908	10492	0.0023667323675736762	0
1234	156110	0.002337605999999992	0
100616444	155459	0.0022238198378462526	0
155971	6774	0.00208756099999996	0
155945	22914	0.0020780979460499616	0
5933	155971	0.002015051700000048	0
155030	54732	0.0019554665440592034	0
156110	1234	0.0018871713000000456	0
5594	155030	0.0017577139208044823	0
3958	155871	0.0017362780719566429	0
155030	200316	0.0014177575574491064	0
155459	100616444	0.0013126645630895384	0
155030	5594	0.0013016931540119625	0
8453	155459	0.0012592391178574136	0
155908	6194	0.0011770013999999884	0
6194	155908	0.0011770013999999884	0
155807	6596	0.001173295779952066	0
4153	155971	0.0011703572000000273	0
1669	155971	0.0011670146928719483	0
155971	1669	0.0011588637074951835	0
2064	155971	0.0011273905847245524	0
100616444	155971	0.0010996069361265404	0
155971	100616444	0.001096986153037438	0
155459	1154	0.0010311389999999587	0
155459	8453	0.0010240992621145528	0
155971	26996	0.0010170626000000071	0
6774	155971	0.0010028643999999698	0
4314	155030	0.0009598329000000128	0
155807	3725	0.0009516928558221949	0
155908	10656	0.0008990450000000427	0
155971	4153	0.000873800499999966	0
6998	155971	0.0008408985400000235	0
652070	155971	0.0008125601499999746	0
155971	652070	0.0008125601499999746	0
3725	155807	0.0007996395010841928	0
1154	155459	0.0007938512999999814	0
8835	155459	0.0007931548999999816	0
155030	4314	0.0007539061500000388	0
155971	51497	0.0006674143040912295	0
155971	6998	0.000655517600000044	0
155971	5933	0.0006003011999999863	0
347376	155971	0.0005960132390074868	0
155971	347376	0.0005960132390074868	0
26996	155971	0.0005571977999999644	0
155971	2064	0.0004933408365320746	0
155971	10714	0.0004306558663249582	0
155030	6998	0.000393919800000031	0
100689229	155030	0.0003380438062315916	0
202559	155908	0.0003337378700000171	0
200316	155030	0.000322331831021927	0
30816	155908	0.0003220018092539023	0
3458	156110	0.00031139003000002496	0
156110	3458	0.00031139003000002496	0
10714	155971	0.0002875836524909303	0
3838	155807	0.0002586283636385467	0
155807	3838	0.00024532386781417337	0
156110	3135	0.0002447233606235333	0
3569	155971	0.00024281113249313702	0
6998	155030	0.0002396889300000371	0
9648	156110	0.00020670903999997492	0
156110	9648	0.000196943199999966	0
51497	155971	0.00018908552409324653	0
10673	155971	0.00018761897999997057	0
155971	10673	0.00018761897999997057	0
973	155971	0.00017746418999997626	0
155030	100689229	0.00017389444764459583	0
155971	3558	0.00016413895000000345	0
155908	30816	0.00014901221691221433	0
10657	155908	0.0001190241395341296	0
155030	100129339	0.000114999806000049	0
155971	3458	0.00011194744582487814	0
155971	973	9.908911000000575e-05	0
155030	1029	9.777446988523675e-05	0
100129339	155030	8.768676000003861e-05	0
155807	842	8.190275999997443e-05	0
155908	202559	7.21154360000531e-05	0
10714	155348	7.153625500000427e-05	0
4790	155807	7.121828331879687e-05	0
1029	155030	6.942574182533523e-05	0
3458	155971	6.793336328547728e-05	0
155971	4738	6.531529999997954e-05	0
51311	155030	5.837578589873438e-05	0
1629	155030	5.481603504620125e-05	0
155807	4790	5.4771569856115754e-05	0
155807	841	5.073781999997973e-05	0
155030	51311	4.905264302468293e-05	0
155971	3569	4.801173912227785e-05	0
155971	963	4.793280500003938e-05	0
834	155971	4.625990200002317e-05	0
155030	6737	4.406564000003499e-05	0
155971	834	4.34557439999983e-05	0
155030	3574	3.9358829999947e-05	0
155908	10657	3.6961292881110275e-05	0
3558	155971	3.492753000000626e-05	0
155971	4513	3.0867952000024346e-05	0
155971	10410	2.8914082999986768e-05	1
10410	155971	2.8914082999986768e-05	1
387	155030	2.3673409000002366e-05	0
963	155971	2.3256637999957697e-05	0
155971	30816	2.2223861071202222e-05	0
30816	155971	2.1888828953597894e-05	0
19	156110	2.062244000000657e-05	0
155348	10714	2.019229600003225e-05	0
155908	5903	1.854727299999137e-05	0
842	155807	1.804342199995812e-05	0
3135	156110	1.7790180174559467e-05	0
6737	155030	1.673053200001995e-05	0
155807	10714	1.6370570000034945e-05	0
4320	155030	1.5922160000014784e-05	0
155030	387	1.5569014000016423e-05	0
3574	155030	1.5558727999964717e-05	0
841	155807	1.4743186000032438e-05	0
11337	156110	1.2007884000020397e-05	0
155908	653108	1.1020939713723976e-05	0
653108	155908	1.0838315612882177e-05	0
917	156110	1.0465810999948921e-05	0
156110	917	1.0465810999948921e-05	0
155908	55170	1.0236494999982249e-05	0
155030	4320	9.246014999964025e-06	0
156110	11337	8.031019000043216e-06	0
156110	19	6.4671744000044384e-06	0
4261	155030	6.100844999967769e-06	0
156110	3558	5.994644545981309e-06	0
4513	155971	5.779130299976565e-06	0
5903	155908	5.754052999962234e-06	0
3848	155908	5.658543600017829e-06	0
155030	1629	5.637472779485009e-06	0
4738	155971	5.229194000033743e-06	0
3458	155908	5.1998929999630406e-06	0
155908	3458	5.051777000053548e-06	0
55170	155908	4.753211000019242e-06	0
155030	4261	4.559117000035862e-06	0
155971	1392	4.4956700000486904e-06	0
10714	155807	4.4236634999528235e-06	0
155807	653820	4.346612500039093e-06	0
3558	156110	3.983420545972116e-06	0
1493	156110	3.863433526762883e-06	1
6714	156110	3.766556800011145e-06	0
653820	155807	3.54199959995416e-06	0
310	155030	3.5249149999971863e-06	0
155908	3848	3.280485800005728e-06	0
1392	155971	2.618607599980116e-06	0
155908	103	2.6183329999707183e-06	0
103	155908	2.6183329999707183e-06	0
155971	653820	2.1263236831270405e-06	0
155030	310	1.9805359999791605e-06	0
156110	1493	1.4648005035589051e-06	1
1234	155030	1.304133199986346e-06	0
155030	1234	1.304133199986346e-06	0
653820	155971	1.034835268143297e-06	0
156110	6714	1.0159683000443565e-06	0
155971	6426	9.629049275705626e-07	0
652070	155459	8.181056599942949e-07	0
155030	1437	8.066812700047166e-07	0
1437	155030	8.066812700047166e-07	0
155971	3178	5.245227999717272e-07	0
155807	54205	4.800309999497543e-07	0
156110	5058	4.5245422997108875e-07	1
6426	155971	4.0370401721556703e-07	0
56655	155030	3.7686836995565187e-07	0
155030	56655	3.7228275995282445e-07	0
54539	155030	3.4076089605594717e-07	0
155030	54539	3.3607411054070724e-07	0
10521	155030	3.215822299562632e-07	0
155459	652070	3.137896600335921e-07	0
3622	155908	2.8757879999563585e-07	0
155348	51014	2.781714300015281e-07	0
51014	155348	2.781714300015281e-07	0
155971	3586	2.525396601837926e-07	0
3586	155971	2.525396601837926e-07	0
27074	155030	2.2031108004583189e-07	0
6772	155971	1.9470196999105127e-07	0
155945	30816	1.8383671673838364e-07	0
155908	3622	1.8212734997913316e-07	0
155030	27074	1.6427980997768543e-07	0
30816	155945	1.3332115444963932e-07	0
4481	156110	1.3164387002717604e-07	0
156110	4481	1.295471899753764e-07	0
5058	156110	1.0262050398335276e-07	1
155908	26827	9.603600004126633e-08	0
155908	3700	8.147843000294586e-08	0
3700	155908	8.147843000294586e-08	0
155971	6772	7.834957005403709e-08	0
155030	10521	6.918586004101002e-08	0
3178	155971	5.990896001506485e-08	0
54205	155807	4.452505597551948e-08	0
155971	3329	4.385240304216609e-08	0
155971	3576	4.212477500153966e-08	0
155030	676	4.002803000169308e-08	0
156110	6774	3.747644972129649e-08	0
6774	156110	3.747644972129649e-08	0
155971	3603	3.3707564961460434e-08	0
51014	155030	3.236990997468325e-08	0
155807	347376	3.110894297719824e-08	0
6347	156110	3.094708000972446e-08	0
3603	155971	2.848500602059545e-08	0
155030	51014	2.4659336017585076e-08	0
3576	155971	2.4315306990096985e-08	0
155348	8941	2.091142703442017e-08	0
155030	5524	2.00365060099017e-08	0
8941	155348	1.8497332998634874e-08	0
156110	6347	1.7314703004700505e-08	0
5524	155030	1.3642954987957978e-08	0
155030	6402	1.3456724956562027e-08	0
155807	25939	1.328324739091613e-08	0
3329	155971	1.2819034944655527e-08	0
25939	155807	1.2718134989597729e-08	0
26827	155908	1.2318401965139003e-08	0
653820	155348	1.1884242034909676e-08	0
155030	85363	1.011048500476619e-08	0
29110	155459	7.996679984856314e-09	0
155459	29110	7.996679984856314e-09	0
8626	155348	7.789149991666022e-09	0
155348	8626	7.789149991666022e-09	0
676	155030	6.907757477137011e-09	0
238	156110	6.7964740502191034e-09	0
155030	1489	5.987065954116133e-09	0
6402	155030	5.328084973221792e-09	0
347376	155807	4.788971996738667e-09	0
8941	155030	4.338731041109156e-09	0
155971	54472	3.643626511617981e-09	0
156110	238	3.5234629658376093e-09	0
85363	155030	3.3715521485788713e-09	0
155348	653820	3.096064737917459e-09	0
155030	8941	3.0303843878698444e-09	0
54472	155971	2.7815161285360546e-09	0
80279	155971	2.0851614879191516e-09	0
1489	155030	1.408243965883571e-09	0
155459	342574	1.0568423913781544e-09	0
342574	155459	1.0568423913781544e-09	0
155807	8941	9.622531660369305e-10	0
155908	100616444	7.530013279577474e-10	0
4594	156110	6.716571743226041e-10	0
156110	5599	5.987724760458946e-10	0
155971	974	5.329779950713487e-10	0
974	155971	5.329779950713487e-10	0
155971	80279	5.318493423445148e-10	0
156110	4594	3.872985265829243e-10	0
155908	100271694	3.8549730074777244e-10	0
8941	155807	3.2974467600865864e-10	0
2028	155908	3.2475255817843163e-10	0
155030	4758	2.623068429130626e-10	0
100271694	155908	2.316338232333237e-10	0
4758	155030	1.9675727713774904e-10	0
5599	156110	1.854769671183476e-10	0
155908	2028	1.0809697581493083e-10	0
100616444	155908	6.430267429635705e-11	0
155871	100187828	3.384437174958066e-11	0
100187828	155871	6.448397371627834e-12	0
4790	155971	5.9393601148372e-12	0
155971	4790	4.870992498240412e-12	0
10959	155459	8.781864124784988e-14	0
155459	10959	1.9317880628477724e-14	0
407007	155971	1.887379141862766e-15	0
155971	407007	7.771561172376096e-16	0
