E1	E2	Probability	Label
155459	60489	1.0	0
202559	155908	0.00033373787	0
302	155030	0.99998930406	1
3107	156110	0.203794420294	0
3458	156110	0.00031139003	0
155030	4261	4.559117e-06	0
4594	156110	6.716572e-10	0
4734	155030	0.99780697	0
3576	155971	2.4315307e-08	0
155908	1653	0.99914665774	1
155030	5594	0.000565875245325	0
155971	3576	4.2124775e-08	0
155459	6921	0.666087037626	0
155971	1272	0.10100782	0
155908	7514	1.0	1
1673	155871	0.0109040923132	0
155971	26996	0.0010170626	0
156110	356	1.0	0
155459	8065	1.0	0
3958	155871	0.00147312894636	0
6714	156110	3.7665568e-06	0
156110	3458	0.00031139003	0
100187828	155871	6.4484004e-12	0
155945	684	1.0	1
155030	51014	2.4659336e-08	0
156110	1493	8.4653267507e-07	1
10462	155030	0.348985561713	0
3836	155807	0.0528420178809	0
1508	155030	0.466784734832	0
10959	155030	0.999999968232	0
684	155971	0.15307307	1
917	156110	1.0465811e-05	0
3661	155945	0.894356687528	1
155971	6347	0.999169662013	0
155030	4314	0.00075390615	0
156110	6347	1.7314703e-08	0
19	155971	0.9733011	0
155971	115362	0.785604780016	0
7852	156110	0.984135489569	1
155971	6351	0.99999905	0
6998	155971	0.00084089854	0
155030	100862696	0.904505772643	0
2028	155908	3.2475256e-10	0
155807	4790	4.28960729942e-05	0
347376	155030	0.873951402296	0
3502	155971	0.0106714498452	0
60489	155459	1.0	0
100616444	155030	0.999955661653	0
155030	10015	0.999999999746	1
54106	155971	0.8675209	0
155030	148362	0.27913943	0
156110	7124	0.940144382458	0
100689229	155030	0.000274191901546	0
155030	100689229	0.000142669346338	0
155030	27074	1.6427981e-07	0
155030	10521	6.918586e-08	0
155030	100616444	0.999990535166	0
1387	155971	0.9698406	0
155945	5817	0.579503917385	0
6285	155908	0.109736898796	0
155971	801	0.99984574613	0
310	155030	3.524915e-06	0
1493	156110	2.21804542189e-06	1
155971	28910	0.99698204	0
155971	3586	2.01748672435e-07	0
6596	155807	0.00193321190765	0
155971	4153	0.0008738005	0
3732	155030	0.8501546	1
155971	974	5.3297794e-10	0
861	155459	0.2918357417	0
156110	238	3.523463e-09	0
1421	155030	0.077018775	0
156110	3106	0.551274722133	1
155971	3502	0.00496432011842	0
156110	5599	5.9877253e-10	0
79966	155971	0.028537877	0
155971	6387	1.0	0
155807	3916	0.99999845	0
653820	155807	3.5419996e-06	0
156110	256987	0.12309702856	0
821	155971	0.999996888532	1
155971	4780	0.549347670034	0
155030	684	0.11912002	1
155030	1629	1.07401508465e-07	0
155030	3565	0.00287116225681	0
8835	155459	0.0007931549	0
155348	8941	2.0911427e-08	0
155807	5886	0.967437024829	0
1109	155971	0.2131579	0
5621	155971	0.08691291	0
1669	155971	0.000706434511756	0
155971	51497	0.000538825548226	0
155971	10226	0.162024769539	0
2720	155971	0.30175894	0
19	156110	2.062244e-05	0
5594	155030	0.00154295362182	0
6402	155030	5.328085e-09	0
155807	3725	0.000721178834383	0
728378	155030	0.805860561367	0
155971	834	4.3455744e-05	0
156110	684	0.964324618453	0
347376	155807	4.788972e-09	0
27067	155908	0.0561061732846	0
865	155459	0.998108594152	0
155971	2745	0.746528896377	0
3558	155971	3.492753e-05	0
155807	836	0.004895091	0
22914	155945	0.00200592652274	0
156110	925	0.2238634736	1
256987	156110	0.142054485599	0
920	155971	1.0	1
155459	865	0.999374657442	0
347376	155971	0.000490264680396	0
155971	28299	0.973683613128	0
155971	2187	0.999586145537	0
10714	155348	7.1536255e-05	0
155030	3735	0.979463860853	0
156110	7253	0.00666812937203	0
156110	60489	0.0261967706668	0
5478	155030	0.999999999886	0
973	155971	0.00017746419	0
155971	30816	2.06330564269e-05	0
6737	155030	1.6730532e-05	0
5478	156110	0.988589552071	0
156110	5817	0.731289189454	0
3178	155971	5.990896e-08	0
1029	155030	5.37564616887e-05	0
155971	4843	0.95693445	0
925	155459	0.30070814	0
155971	5122	1.0	0
155971	51311	0.15529439	0
54205	155807	4.4525056e-08	0
6772	155971	1.9470197e-07	0
653820	155971	8.78369985413e-07	0
155971	19	0.9738227	0
148362	155030	0.25169215	0
155971	10959	0.988037833175	0
155971	10410	2.8914083e-05	1
25939	155807	9.99115967737e-09	0
7020	155971	0.999309170025	0
155030	6737	4.406564e-05	0
4869	155908	0.120137744269	1
5713	155807	0.92731076	0
156110	4594	3.872985e-10	0
3777	155945	0.202026081803	0
155908	653108	5.76875487157e-06	0
155971	4790	4.871037e-12	0
156110	6285	0.999841103745	0
155030	4320	9.246015e-06	0
155908	6285	0.109915339454	0
155971	54106	0.7295864	0
155908	100271694	3.8549727e-10	0
100862696	155030	0.958064560749	0
155030	1421	0.06719902	0
3267	155908	0.2452939	0
155908	10492	0.00144850219146	0
155030	8941	3.0303844e-09	0
155807	25939	1.04870946371e-08	0
2332	155908	0.996857130031	0
8065	155459	1.0	0
155807	842	8.190276e-05	0
155348	10714	2.0192296e-05	0
6426	155971	1.90073965012e-07	0
3385	155971	0.914540860229	0
155807	10980	0.99741733	0
155030	10959	0.999999336865	0
155945	1128	0.99770504	0
155459	200316	0.998502398404	1
5901	155030	0.99982554	0
155971	3700	1.0	0
6998	155030	0.00023968893	0
3106	155030	0.999999879362	1
8941	155348	1.8497333e-08	0
3840	155807	0.434811904139	0
155030	7251	0.999999411721	1
684	155945	1.0	1
30816	155945	1.19661598963e-07	0
3700	155971	1.0	0
155908	4869	0.108602782213	1
3135	156110	4.97296038582e-06	0
3603	155971	2.8485006e-08	0
100616444	155945	0.238087288178	0
7432	155971	0.71388906	0
6693	155971	0.586133663022	0
155908	3267	0.5499987	0
155971	4513	3.0867952e-05	0
156110	11337	8.031019e-06	0
156110	1435	0.367695266152	0
155971	1109	0.062162474	0
156110	2736	0.193457279459	0
155971	80279	2.94250179778e-10	0
920	155459	0.960113267209	0
155030	1489	5.987066e-09	0
9733	155871	0.0137020748978	0
155971	347376	0.000490264680396	0
6348	155971	0.999995877643	0
940	156110	0.354791957858	1
155030	5478	0.999999992831	0
920	156110	1.0	0
5062	156110	0.99994694553	1
155348	10075	0.43186815601	0
155971	5933	0.0006003012	0
10980	155807	0.99741733	0
2745	155971	0.734584137183	0
23547	156110	0.347093804507	0
5122	155971	1.0	0
155971	6998	0.0006555176	0
155030	7329	0.99724364	1
156110	55690	0.98217255	0
155030	975	0.983063468003	1
155971	5599	0.706024764145	0
51311	155971	0.17493808	0
155030	286	0.0429701099806	0
6402	155971	0.00658522511715	0
156110	3932	0.999999982509	1
10015	155030	1.0	1
387	155030	2.3673409e-05	0
155807	55540	0.957977301788	0
155971	3384	0.85901916	0
155807	81559	0.00483657871812	0
5933	155971	0.0020150517	0
155807	347376	3.1108943e-08	0
904	155871	0.997105986593	1
155971	30835	1.0	0
3622	155908	2.875788e-07	0
156110	7852	0.866889407092	1
920	155945	1.0	0
10075	155348	0.906257621873	0
155807	6596	0.000513110571557	0
155807	10959	0.29793388	0
1392	155971	2.6186076e-06	0
23241	156110	0.8781438	0
7422	155871	0.99884854283	0
1629	155030	1.6572339252e-06	0
155348	51014	2.7817143e-07	0
156110	7020	0.990330363427	0
3704	155908	0.0281635415738	0
155030	79719	0.26171225	0
1272	155971	0.10100782	0
925	155030	1.0	0
29110	156110	1.0	0
155030	920	0.999678199326	1
155908	3458	5.051777e-06	0
972	155945	0.975390058939	0
155807	3735	0.999993299263	0
156110	917	1.0465811e-05	0
115362	155971	0.941186302849	0
4481	156110	1.3164387e-07	0
155030	6402	1.3456725e-08	0
3458	155971	5.72098153832e-05	0
155908	2332	0.998811323021	0
1653	155908	0.999900636853	1
5599	156110	1.8547694e-10	0
7251	155030	1.0	1
155971	79966	0.028537877	0
155971	3458	8.89316935484e-05	0
155908	100616444	7.5300133e-10	0
6285	155945	0.02111193	0
155030	310	1.980536e-06	0
155030	3106	1.0	1
100129339	155030	8.768676e-05	0
7474	155971	0.401161540107	0
155908	103	2.618333e-06	0
238	156110	6.796474e-09	0
2736	156110	0.117172918878	0
155971	3107	0.012119474	0
10226	155971	0.176885979959	0
155030	81030	0.0140245143209	0
155871	904	0.997676251667	1
84268	155908	0.477274063323	0
2028	155030	0.026404003	0
55540	155807	0.957977301788	0
286	155030	0.0137573117225	0
3848	155908	5.6585436e-06	0
3932	155971	0.12358716	0
54472	155971	2.7815161e-09	0
1056	155971	0.99799746	0
1435	156110	0.0943759922629	0
156110	2534	0.490819904819	0
7329	155030	0.989167	1
983	155908	0.058207836	0
4780	155971	0.599303430055	0
51014	155348	2.7817143e-07	0
7374	155459	0.119575481296	0
155030	5901	0.99993443	0
155030	7020	0.974643827689	0
155971	925	1.0	0
10657	155908	6.79854088312e-05	0
5599	155971	0.795111546078	0
155971	3178	5.245228e-07	0
156110	23547	0.36271773348	0
155030	6285	0.35229124259	0
156110	3606	0.0249611283157	0
155971	684	0.16674721	1
80279	155971	1.30448318814e-09	0
155971	50863	0.9173873	0
155030	3456	0.30153304	0
6921	155459	0.611422355509	0
9648	156110	0.00020670904	0
155971	7124	0.0494694523003	0
28299	155971	0.990998840165	0
1236	155971	0.064562514	0
4691	155908	0.985423570779	0
155971	7852	1.0	1
48	155908	0.374519748748	0
155971	963	4.7932805e-05	0
92421	155030	0.99731725	1
5817	155945	0.586598004077	0
155971	28981	0.94447947	0
155971	1392	4.49567e-06	0
155030	24137	0.99941779796	1
155971	6890	0.253965406849	0
155459	861	0.300468776865	0
6890	155971	0.0495309791039	0
10959	155971	0.991563453595	0
155030	302	0.999992831194	1
155871	100187828	3.3844347e-11	0
4153	155971	0.0011703572	0
3055	156110	0.999998711641	1
1984	155908	0.999645010491	0
3558	156110	3.89767234665e-06	0
30816	155908	0.000238765270179	0
156110	23241	0.8011379	0
10673	155971	0.00018761898	0
155908	48	0.136320396275	0
155971	6693	0.509810519218	0
155971	6426	6.70541944969e-07	0
155030	54732	0.00158459900427	0
155030	54539	1.62473045795e-07	0
155945	972	0.965671418581	0
100616444	155971	0.00101517935561	0
155807	3836	0.0467290726727	0
155971	7020	0.999484165779	0
155971	5045	1.0	0
155971	54472	3.6436265e-09	0
8945	155945	0.0543039289997	0
407007	155971	1.8886463e-15	0
155971	6774	0.002087561	0
4320	155030	1.592216e-05	0
5524	155030	1.3642955e-08	0
155971	3329	4.3852403e-08	0
155971	100689229	0.052072283	0
51311	155030	4.55600499584e-05	0
841	155807	1.4743186e-05	0
85363	155030	3.3715521e-09	0
2534	156110	0.721833605766	0
155971	1232	0.9998827	0
155908	30816	0.000103661176464	0
155971	10673	0.00018761898	0
3916	155807	0.9999925	0
100313781	156110	0.009924549	0
5045	155971	1.0	0
156110	3105	0.383050848614	1
155971	818	0.924409737657	0
7020	156110	0.98967590542	0
25939	155459	0.9258251	0
29082	155030	0.99875818957	1
5903	155908	5.754053e-06	0
1234	155030	1.3041332e-06	0
155945	6285	0.02111193	0
974	155971	5.3297794e-10	0
155030	6426	0.02301787	0
155971	100616444	0.000372249741575	0
155971	653820	1.84492552446e-06	0
3565	155971	0.268836983703	0
1755	155971	0.9764534	0
6667	155030	0.0840372091363	0
155459	10959	1.9314083e-14	0
155971	2720	0.22793747	0
155971	920	1.0	1
155459	684	0.8593484	0
155971	6348	0.999995877643	0
155971	1056	0.9982173	0
155945	3777	0.478588210424	0
155908	84268	0.429370949749	0
3735	155807	0.999934522336	0
10959	155807	0.30153304	0
155945	4738	0.00889691829283	0
9564	155807	0.999897976722	0
156110	3135	6.52108355783e-05	0
60489	155030	0.99999946644	1
3586	155971	2.01748672435e-07	0
10656	155908	0.00521621	0
155971	7432	0.7732591	0
3458	155030	0.989648055268	0
155030	834	0.0343172277269	0
155971	821	0.999995327722	1
155971	1803	1.0	0
81030	155030	0.16671063846	0
155971	6402	0.00224500820014	0
155030	653820	0.00398493284296	0
155908	728378	0.999997858751	0
55170	155908	4.753211e-06	0
351	155971	0.23484918	0
4738	155945	0.111314263963	0
155945	30816	1.65180908285e-07	0
155971	1669	0.000708750849337	0
155030	3732	0.8986902	1
156110	29110	1.0	0
155908	27067	0.0589958808362	0
1234	155971	1.0	1
156110	3055	0.999975749323	1
54539	155030	1.66013188418e-07	0
155459	164668	0.999984431428	0
7124	156110	0.937414658575	0
155908	1984	0.99988517251	0
155459	652070	3.1378966e-07	0
156110	5058	4.5245423e-07	1
155807	3840	0.628145108194	0
8941	155030	4.338731e-09	0
155871	9733	0.00817394119556	0
1232	155971	0.9997738	0
100616444	156110	0.99088216	0
155908	10656	0.000899045	0
155459	8453	0.000868918148029	0
10959	156110	0.0110532335589	0
155459	25939	0.8593484	0
156110	57026	0.00670689	0
3569	155971	0.000121954237498	0
653820	155030	0.0608679564627	0
155030	728378	0.849778405444	0
926	156110	0.01150258	1
7040	155971	0.029079373006	0
60489	156110	0.0261967706668	0
29110	155459	7.99668e-09	0
10959	155459	8.7779054e-14	0
155030	5524	2.0036506e-08	0
156110	22914	0.469402626916	0
155971	100	0.99845135	0
156110	10399	0.561492908781	0
155971	3603	3.3707565e-08	0
684	155030	0.3879283	1
30816	155030	0.495373008815	0
3091	155807	0.996287237163	0
155030	29082	0.999426416498	1
155348	653820	3.0960647e-09	0
155030	925	0.999999999302	0
156110	940	0.181530449131	1
155971	3558	0.00016413895	0
3107	155971	0.0026701347	0
156110	9648	0.0001969432	0
155030	676	4.002803e-08	0
155807	10714	1.637057e-05	0
3606	156110	0.0126123188567	0
155807	3838	0.00011502767276	0
155908	2028	1.0809698e-10	0
156110	10959	0.0155745069568	0
155459	100616444	0.000796503464607	0
57026	156110	0.00670689	0
100616444	155459	0.00144665115558	0
28910	155971	0.99576145	0
155971	6772	7.834957e-08	0
2187	155971	0.999943217022	0
155030	4758	2.6230682e-10	0
6347	156110	3.094708e-08	0
6351	155971	0.99999714	0
155971	4738	6.53153e-05	0
51014	155030	3.236991e-08	0
164668	155459	0.99980453075	0
4360	155971	0.663557086897	0
4790	155807	5.32410816684e-05	0
156110	3107	0.0120118568526	0
155030	200316	0.000848170098425	0
155945	920	1.0	0
836	155807	0.0035666483	0
155030	2028	0.08163675	0
684	156110	0.928954170433	0
8941	155807	3.2974465e-10	0
155971	3565	0.262221397987	0
155030	998	0.0040682554	0
155807	54205	4.80031e-07	0
11337	156110	1.2007884e-05	0
10959	155348	0.017233998149	0
652070	155971	0.00081256015	0
155908	3700	8.147843e-08	0
155807	841	5.073782e-05	0
10642	155030	0.367635508781	1
155871	7422	0.999301401109	0
3106	156110	0.907659963669	1
155971	4982	0.858955191808	0
100271694	155908	2.316338e-10	0
3612	155807	1.0	0
81559	155807	0.00553687635645	0
5901	155908	0.9999994	0
11168	155908	0.999817210299	0
3384	155971	0.77554524	0
155945	3661	0.965030600349	1
26996	155971	0.0005571978	0
963	155971	2.3256638e-05	0
55690	156110	0.99579084	0
28981	155971	0.97314745	0
10521	155030	3.2158223e-07	0
652070	155459	8.1810566e-07	0
155030	1029	7.62111782613e-05	0
155908	55170	1.0236495e-05	0
156110	926	0.009580832	1
4790	155971	5.9393215e-12	0
155971	2028	0.977368413651	0
155807	5713	0.8201554	0
156110	19	6.4671744e-06	0
100616444	155908	6.430263e-11	0
155871	5813	0.02156897703	0
156110	5062	0.999957577904	1
4513	155971	5.7791303e-06	0
156110	100313781	0.014172526	0
155971	94025	0.80678374	0
920	155030	0.999837007939	1
3105	156110	0.993958967396	1
818	155971	0.927274077117	0
155030	30816	0.501747519484	0
155030	6998	0.0003939198	0
9730	155807	0.41948804094	1
1154	155459	0.0007938513	0
3574	155030	1.5558728e-05	0
200316	155459	0.999591240604	1
155348	10959	0.00511585495496	0
155971	1755	0.94260454	0
155030	10642	0.292320585531	1
653108	155908	5.45047216671e-06	0
156110	1234	0.0018871713	0
155971	7474	0.384074813481	0
10399	156110	0.551821678901	0
155459	342574	1.0568424e-09	0
155030	1437	8.0668127e-07	0
155807	8941	9.622532e-10	0
1392	155030	0.00762150976243	0
155908	202559	7.2115436e-05	0
10714	155807	4.4236635e-06	0
155030	85363	1.0110485e-08	0
3700	155030	0.0037218498	0
356	156110	1.0	0
155030	51311	3.621842478e-05	0
1437	155030	8.0668127e-07	0
155908	5901	0.9999994	0
155030	947	0.27184257	0
155459	1154	0.001031139	0
79719	155030	0.3845422	0
4843	155971	0.99206805	0
155030	10462	0.315370246126	0
7020	155030	0.974570164717	0
4738	155971	5.229194e-06	0
156110	4481	1.2954719e-07	0
155971	1236	0.064562514	0
56655	155030	3.7686837e-07	0
155030	100129339	0.000114999806	0
155030	4734	0.9986015	0
155971	4360	0.603202989987	0
8626	155348	7.78915e-09	0
128866	155030	0.476275260108	1
200316	155030	0.00017660856221	0
342574	155459	1.0568424e-09	0
7514	155030	0.99982554	0
155030	60489	0.999999232391	1
6285	156110	0.999931799598	0
925	156110	0.378566358002	1
5886	155807	0.922611766775	0
155971	10714	0.00029065307278	0
155807	653820	4.3466125e-06	0
155807	9564	0.999484747875	0
3700	155908	8.147843e-08	0
8453	155459	0.00110305102733	0
155807	3091	0.996814258968	0
975	155030	0.832000853961	1
7852	155971	1.0	1
155945	8945	0.0311046949784	0
155030	3700	0.007760169	0
155908	6194	0.0011770014	0
156110	821	0.41828254	0
30816	155971	2.04456741505e-05	0
155459	7374	0.126283352135	0
155030	387	1.5569014e-05	0
156110	6714	1.0159683e-06	0
842	155807	1.8043422e-05	0
821	156110	0.36322656	0
10492	155908	0.0015080771447	0
3456	155030	0.29793388	0
5879	155030	0.33281321235	0
10410	155971	2.8914083e-05	1
30835	155971	1.0	0
27074	155030	2.2031108e-07	0
2	155971	0.5791079	0
155971	3932	0.12358716	0
155459	29110	7.99668e-09	0
155971	2064	0.000250693590961	0
155908	3704	0.0227523872234	0
155459	920	0.95230904894	0
155971	5621	0.087757766	0
6194	155908	0.0011770014	0
155030	347376	0.864342162692	0
26827	155908	1.2318402e-08	0
7433	155971	0.03272769	0
3838	155807	0.000184594894536	0
2064	155971	0.000565341287459	0
155971	7040	0.0297986943954	0
4314	155030	0.0009598329	0
103	155908	2.618333e-06	0
94025	155971	0.8445424	0
834	155971	4.6259902e-05	0
6774	155971	0.0010028644	0
155971	2335	0.22806278	0
51497	155971	0.000147338940212	0
156110	920	1.0	0
10714	155971	0.000183331544603	0
4261	155030	6.100845e-06	0
155971	407007	7.4674303e-16	0
155807	9730	0.414620428542	1
155971	8743	0.967430853239	0
801	155971	0.999826390583	0
5058	156110	1.02620504e-07	1
155971	351	0.29323444	0
100	155971	0.9992914	0
998	155030	0.002941288	0
155908	983	0.073379405	0
155908	3622	1.8212735e-07	0
947	155030	0.27184257	0
7253	156110	0.0336633880778	0
155971	2	0.8787983	0
155908	3848	3.2804858e-06	0
155971	3385	0.952128357777	0
3329	155971	1.2819035e-08	0
1128	155945	0.99770504	0
676	155030	6.9077575e-09	0
3458	155908	5.199893e-06	0
684	155459	0.9258251	0
156110	6774	2.6740527681e-08	0
50863	155971	0.9330133	0
6426	155030	0.02424572	0
155030	3622	0.9990094	0
1803	155971	1.0	0
155030	92421	0.99663514	1
1524	155971	0.9999951	1
156110	5478	0.987328604847	0
155908	5903	1.8547273e-05	0
155030	1508	0.519621461742	0
155871	3958	0.00251836380636	0
155459	925	0.2695499	0
6285	155030	0.34161541548	0
156110	3558	5.83161386136e-06	0
3735	155030	0.986525684647	0
155908	4691	0.984240295759	0
155030	6667	0.0772847407339	0
155971	1234	1.0	1
155459	8835	0.0032442298	0
155971	652070	0.00081256015	0
925	155971	1.0	0
155971	7433	0.072378196	0
4758	155030	1.9675724e-10	0
156110	100616444	0.9930837	0
5817	156110	0.841865216582	0
155908	10657	1.87942399367e-05	0
155030	1392	0.00730785076296	0
155030	3458	0.990107339592	0
7514	155908	1.0	1
155871	1673	0.00736472016129	0
1234	156110	0.002337606	0
3932	156110	0.999999936175	1
155945	22914	0.00169527318142	0
3565	155030	0.00385127183245	0
7124	155971	0.065324003804	0
155971	1524	0.99999785	1
100689229	155971	0.052072283	0
155807	3612	1.0	0
155908	1654	0.0453553290854	0
24137	155030	0.998941960818	1
4982	155971	0.666917194642	0
155971	1387	0.81919056	0
155945	100616444	0.626006720159	0
653820	155348	1.1884242e-08	0
22914	156110	0.509052015927	0
155030	5879	0.181721553633	0
155908	11168	0.999981714337	0
155908	26827	9.6036e-08	0
728378	155908	0.99995312895	0
155971	973	9.908911e-05	0
6387	155971	1.0	0
155030	1234	1.3041332e-06	0
1489	155030	1.408244e-09	0
2028	155971	0.954230784514	0
155348	8626	7.78915e-09	0
6347	155971	0.999443265114	0
155971	3569	2.40018739763e-05	0
155030	128866	0.449054777225	1
155030	56655	3.7228276e-07	0
155030	7514	0.99993443	0
8743	155971	0.937359588071	0
155030	3574	3.935883e-05	0
3622	155030	0.99920744	0
1654	155908	0.0462238915154	0
2335	155971	0.22806278	0
5813	155871	0.011052197033	0
834	155030	0.00666342939205	0
3725	155807	0.000616149531695	0
54732	155030	0.0117192885486	0
6774	156110	2.6740527681e-08	0
