ENTITY1	ENTITY2	PROBABILITY	LABEL
155459	60489	1.0	0
155908	7514	1.0	1
156110	356	1.0	0
155459	8065	1.0	0
155945	684	1.0	1
60489	155459	1.0	0
155971	6387	1.0	0
920	155971	1.0	1
155971	5122	1.0	0
8065	155459	1.0	0
155971	3700	1.0	0
684	155945	1.0	1
3700	155971	1.0	0
920	156110	1.0	0
5122	155971	1.0	0
10015	155030	1.0	1
155971	30835	1.0	0
920	155945	1.0	0
925	155030	1.0	0
29110	156110	1.0	0
7251	155030	1.0	1
155030	3106	1.0	1
155971	925	1.0	0
155971	7852	1.0	1
155971	5045	1.0	0
5045	155971	1.0	0
155971	920	1.0	1
155971	1803	1.0	0
1234	155971	1.0	1
155945	920	1.0	0
3612	155807	1.0	0
356	156110	1.0	0
156110	29110	1.0	0
7852	155971	1.0	1
30835	155971	1.0	0
156110	920	1.0	0
1803	155971	1.0	0
155971	1234	1.0	1
925	155971	1.0	0
7514	155908	1.0	1
155807	3612	1.0	0
6387	155971	1.0	0
156110	3932	0.999999999994	1
3932	156110	0.999999999983	1
155030	7251	0.999999999965	1
5478	155030	0.999999999886	0
155030	10015	0.999999999746	1
60489	155030	0.999999999543	1
821	155971	0.999999999472	1
155030	925	0.999999999302	0
155030	60489	0.999999999173	1
3106	155030	0.999999998713	1
155971	821	0.999999995323	1
156110	3055	0.999999994123	1
3055	156110	0.999999993417	1
155030	5478	0.999999992831	0
10959	155030	0.999999968232	0
2187	155971	0.99999996158	0
156110	5062	0.999999849238	1
5062	156110	0.999999803089	1
5901	155908	0.9999994	0
155908	5901	0.9999994	0
155030	10959	0.999999336865	0
155807	3735	0.999999190524	0
155971	6351	0.99999905	0
155971	2187	0.999999016746	0
155807	3916	0.99999845	0
155030	302	0.999998186091	1
155908	728378	0.999997858751	0
155971	1524	0.99999785	1
6351	155971	0.99999714	0
302	155030	0.999996652127	1
6348	155971	0.999995877643	0
155971	6348	0.999995877643	0
1524	155971	0.9999951	1
3916	155807	0.9999925	0
3735	155807	0.999991387837	0
155030	100616444	0.999990535166	0
155908	11168	0.999990295201	0
155459	164668	0.999984431428	0
11168	155908	0.999983653859	0
9564	155807	0.999974296804	0
100616444	155030	0.999955661653	0
728378	155908	0.99995312895	0
155807	3091	0.999944807147	0
155030	5901	0.99993443	0
155030	7514	0.99993443	0
6285	156110	0.999931799598	0
1653	155908	0.999900636853	1
155908	1984	0.99988517251	0
155971	1232	0.9998827	0
156110	6285	0.999841103745	0
920	155030	0.999837007939	1
5901	155030	0.99982554	0
7514	155030	0.99982554	0
3091	155807	0.999822738244	0
155030	24137	0.999804803762	1
164668	155459	0.99980453075	0
1232	155971	0.9997738	0
155030	920	0.999678199326	1
1984	155908	0.999645010491	0
155807	9564	0.999641099986	0
200316	155459	0.999591240604	1
155871	904	0.999587815895	1
155971	7020	0.999484165779	0
904	155871	0.999482876525	1
155030	29082	0.999426416498	1
155459	865	0.999374657442	0
7020	155971	0.999309170025	0
100	155971	0.9992914	0
3622	155030	0.99920744	0
155908	1653	0.99914665774	1
24137	155030	0.999137826088	1
155030	3622	0.9990094	0
155908	2332	0.998811323021	0
29082	155030	0.99875818957	1
155030	4734	0.9986015	0
156110	7020	0.998527295258	0
155459	200316	0.998502398404	1
155971	100	0.99845135	0
7020	156110	0.998319768538	0
155971	1056	0.9982173	0
865	155459	0.998108594152	0
1056	155971	0.99799746	0
4734	155030	0.99780697	0
155945	1128	0.99770504	0
1128	155945	0.99770504	0
155807	10980	0.99741733	0
10980	155807	0.99741733	0
92421	155030	0.99731725	1
155030	7329	0.99724364	1
155971	28910	0.99698204	0
2332	155908	0.996857130031	0
155030	92421	0.99663514	1
55690	156110	0.99579084	0
28910	155971	0.99576145	0
155971	10959	0.994116860127	0
10959	155971	0.993355429143	0
156110	100616444	0.9930837	0
4843	155971	0.99206805	0
28299	155971	0.990998840165	0
100616444	156110	0.99088216	0
7422	155871	0.990796710381	0
155030	3458	0.990107339592	0
3458	155030	0.989648055268	0
7329	155030	0.989167	1
155871	7422	0.98813658888	0
155971	801	0.988095085597	0
801	155971	0.987475378523	0
3735	155030	0.986525684647	0
7852	156110	0.984135489569	1
6347	155971	0.982579107038	0
156110	55690	0.98217255	0
3105	156110	0.98208393611	1
155971	2028	0.981180835602	0
155030	3735	0.979463860853	0
155971	6347	0.978828525192	0
1755	155971	0.9764534	0
972	155945	0.975390058939	0
155971	19	0.9738227	0
155971	28299	0.973683613128	0
19	155971	0.9733011	0
28981	155971	0.97314745	0
155945	3661	0.972999771672	1
1387	155971	0.9698406	0
155971	8743	0.967430853239	0
155459	920	0.965741862589	0
155945	972	0.965671418581	0
155030	975	0.965232461455	1
155030	7020	0.960016376039	0
7020	155030	0.959806015155	0
156110	684	0.959458619077	0
155971	4843	0.95693445	0
920	155459	0.956261336621	0
155807	5886	0.955776668113	0
2028	155971	0.953073258567	0
155971	28981	0.94447947	0
7124	156110	0.942913908989	0
155971	1755	0.94260454	0
4691	155908	0.938081275692	0
8743	155971	0.937359588071	0
156110	7124	0.936331555499	0
155908	4691	0.934447400434	0
155971	3385	0.934359310146	0
50863	155971	0.9330133	0
5713	155807	0.92731076	0
25939	155459	0.9258251	0
684	155459	0.9258251	0
155807	55540	0.922678290364	0
55540	155807	0.922678290364	0
5478	156110	0.917499010915	0
155971	50863	0.9173873	0
115362	155971	0.916331891232	0
156110	5478	0.915129298376	0
684	156110	0.914910426403	0
3106	156110	0.907659963669	1
10075	155348	0.906257621873	0
5886	155807	0.899613187195	0
155030	3732	0.8986902	1
155971	2	0.8787983	0
23241	156110	0.8781438	0
347376	155030	0.873951402296	0
3661	155945	0.869302042421	1
54106	155971	0.8675209	0
156110	7852	0.866889407092	1
155030	347376	0.864342162692	0
155459	25939	0.8593484	0
155459	684	0.8593484	0
155971	3384	0.85901916	0
155971	4982	0.858955191808	0
3385	155971	0.855882587659	0
3732	155030	0.8501546	1
94025	155971	0.8445424	0
100862696	155030	0.831859503752	0
975	155030	0.831767281623	1
155030	728378	0.82534498191	0
155807	5713	0.8201554	0
155971	1387	0.81919056	0
155971	94025	0.80678374	0
728378	155030	0.802066550622	0
156110	23241	0.8011379	0
818	155971	0.796411673289	0
155971	818	0.795787477204	0
155971	115362	0.789296488606	0
3384	155971	0.77554524	0
155971	7432	0.7732591	0
5817	156110	0.757659935779	0
2534	156110	0.735612702734	0
155971	54106	0.7295864	0
2745	155971	0.729313959141	0
155971	2745	0.716710693976	0
7432	155971	0.71388906	0
155030	100862696	0.7027812844	0
155807	3840	0.689832843144	0
3840	155807	0.687595245332	0
5599	155971	0.679434851137	0
155945	100616444	0.671619592111	0
4982	155971	0.666917194642	0
155459	6921	0.666087037626	0
4360	155971	0.663557086897	0
4780	155971	0.644709603206	0
6693	155971	0.640038914077	0
155971	5599	0.624099878371	0
6921	155459	0.611422355509	0
155971	4360	0.603202989987	0
156110	5817	0.600430027861	0
155971	4780	0.592970071748	0
2	155971	0.5791079	0
5817	155945	0.575280302066	0
156110	10399	0.57500422593	0
155945	5817	0.570933121434	0
155971	6693	0.563776604048	0
10399	156110	0.55602141634	0
156110	3106	0.551274722133	1
155908	3267	0.5499987	0
156110	2534	0.533120373179	0
22914	156110	0.529515704157	0
155030	30816	0.501747519484	0
30816	155030	0.495373008815	0
7474	155971	0.493932209548	0
84268	155908	0.48649158791899993	0
155971	7474	0.486313711978	0
156110	22914	0.483607845977	0
128866	155030	0.47627526010800003	1
155945	3777	0.4646545959799999	0
155030	128866	0.449054777225	1
156110	1435	0.44411064043900006	0
155908	84268	0.437307959867	0
156110	23547	0.433281525479	0
155348	10075	0.43186815600999995	0
23547	156110	0.43170184545400003	0
156110	821	0.41828254	0
9730	155807	0.41388389155500005	1
155807	9730	0.40965581732300005	1
156110	3105	0.393581663907	1
684	155030	0.3879283	1
79719	155030	0.38454220000000006	0
925	156110	0.37231738389399993	1
821	156110	0.36322656	0
48	155908	0.35360954381600007	0
940	156110	0.352875121787	1
81030	155030	0.332894746689	0
155971	6890	0.31645205177899993	0
2720	155971	0.30175894000000003	0
155030	3456	0.30153304000000003	0
10959	155807	0.30153304000000003	0
925	155459	0.30070814	0
155807	10959	0.29793388	0
3456	155030	0.29793388	0
6285	155030	0.294143281104	0
155030	6285	0.293742200339	0
155971	351	0.29323444	0
155459	861	0.2900017378490001	0
861	155459	0.2853633102390001	0
10462	155030	0.283305949253	0
155030	148362	0.2791394300000001	0
155030	947	0.27184257	0
947	155030	0.27184257	0
155459	925	0.2695499	0
10642	155030	0.2684418409889999	1
5879	155030	0.26820953325700003	0
155030	79719	0.26171225	0
155030	10642	0.26123049436799994	1
155030	10462	0.25848055101200007	0
148362	155030	0.25169215	0
3267	155908	0.24529390000000006	0
1508	155030	0.23839997163000004	0
3565	155971	0.23620769060699998	0
155030	1508	0.23485620897299997	0
351	155971	0.23484918	0
155971	3565	0.22992894649100004	0
155971	2335	0.22806278000000002	0
2335	155971	0.22806278000000002	0
155971	2720	0.22793746999999998	0
3107	156110	0.22552242251099996	0
100616444	155945	0.22351497007200005	0
156110	925	0.21659735053899998	1
1109	155971	0.2131579	0
10226	155971	0.182343812941	0
156110	940	0.17979404281599998	1
3777	155945	0.17814546205600001	0
1435	156110	0.17599480179999993	0
51311	155971	0.17493808	0
156110	2736	0.174765870677	0
155971	10226	0.17101514774000004	0
155971	684	0.16674721000000003	1
155971	51311	0.15529439	0
684	155971	0.15307307000000003	1
155030	5879	0.15240732659599998	0
256987	156110	0.14205448559900002	0
155459	7374	0.12628335213499997	0
3932	155971	0.12358716000000003	0
155971	3932	0.12358716000000003	0
156110	256987	0.12309702856000004	0
7374	155459	0.11957548129600004	0
155030	684	0.11912002	1
2736	156110	0.113833381545	0
4738	155945	0.11131426396300004	0
155908	6285	0.109915339454	0
6285	155908	0.10973689879600002	0
155971	1272	0.10100781999999997	0
1272	155971	0.10100781999999997	0
155908	48	0.09925520710659996	0
155030	81030	0.09817934818499996	0
155971	5621	0.08775776599999996	0
5621	155971	0.08691291000000001	0
4869	155908	0.08409189121290006	1
6667	155030	0.08403720913629997	0
6890	155971	0.08285919072140002	0
155030	2028	0.08163675000000004	0
156110	60489	0.07988685772360005	0
60489	156110	0.07988685772360005	0
155030	6667	0.07728474073390001	0
1421	155030	0.07701877499999998	0
7124	155971	0.07373424846429999	0
155908	983	0.07337940499999995	0
155971	7433	0.07237819600000006	0
155908	4869	0.06967969933399998	1
155030	1421	0.06719902	0
1236	155971	0.06456251400000002	0
155971	1236	0.06456251400000002	0
155971	1109	0.06216247399999997	0
983	155908	0.05820783600000001	0
155971	7124	0.05628771375980002	0
155971	100689229	0.052072283	0
100689229	155971	0.052072283	0
653820	155030	0.04707639348960002	0
1654	155908	0.04622389151539996	0
155908	1654	0.045355329085399965	0
27067	155908	0.04441098879039995	0
155908	27067	0.043587652929700016	0
155030	286	0.042970109980600024	0
3704	155908	0.041991245095399976	0
8945	155945	0.04165675773300004	0
3836	155807	0.0405420914479	0
155807	3836	0.03970212537420004	0
155908	3704	0.03643025451180004	0
7433	155971	0.032727689999999976	0
156110	3606	0.030680356130100006	0
155030	834	0.030399969095399992	0
155971	7040	0.02877963376829995	0
79966	155971	0.02853787699999999	0
155971	79966	0.02853787699999999	0
156110	10959	0.02808128172919999	0
7040	155971	0.027705440391900038	0
2028	155030	0.02640400300000001	0
6426	155030	0.024245720000000026	0
7253	156110	0.02350693566240003	0
155030	6426	0.023017869999999996	0
155945	8945	0.021697252175600035	0
155871	5813	0.021568977030000047	0
3502	155971	0.02148223330660004	0
10959	156110	0.021452464126299975	0
6285	155945	0.02111193	0
155945	6285	0.02111193	0
2064	155971	0.017891302243600027	0
156110	3107	0.017336068061200027	0
1392	155030	0.016394331539700047	0
3606	156110	0.016190921873299957	0
10959	155348	0.015569261336599971	0
155030	1392	0.015506821566899975	0
155908	10492	0.014385214642300026	0
156110	100313781	0.014172525999999963	0
10492	155908	0.013953980125000043	0
286	155030	0.013757311722500054	0
6402	155971	0.013683025037799945	0
3565	155030	0.013497468780100053	0
155971	2064	0.012646398162500017	0
100616444	155459	0.01224221185959995	0
155971	3107	0.012119474000000019	0
155971	3502	0.01200360629990005	0
155030	3565	0.011809764781799958	0
54732	155030	0.011719288548600049	0
926	156110	0.01150258000000004	1
155030	200316	0.011386069328999993	0
9733	155871	0.011109233962499965	0
5813	155871	0.011052197032999977	0
155459	100616444	0.010605201779600004	0
1673	155871	0.010289020933100024	0
1669	155971	0.009971748991050022	0
100313781	156110	0.00992454899999995	0
155971	1669	0.00974836249007005	0
156110	926	0.009580832000000039	1
155945	4738	0.008896918292830014	0
155030	3700	0.0077601689999999834	0
155971	6402	0.007452662655619946	0
3569	155971	0.0073504907377399675	0
155871	9733	0.006974573200700052	0
155871	1673	0.006749021763699958	0
156110	57026	0.006706890000000021	0
57026	156110	0.006706890000000021	0
200316	155030	0.006202992217949954	0
834	155030	0.006166180471260052	0
22914	155945	0.005755631032700048	0
155945	22914	0.005737309040729999	0
10656	155908	0.005216210000000054	0
156110	7253	0.005001050865110046	0
155807	836	0.0048950909999999626	0
81559	155807	0.004674385442369977	0
155348	10959	0.004664583865420013	0
155807	81559	0.004266894208009964	0
155030	998	0.004068255399999998	0
155971	10714	0.004005196170639991	0
3700	155030	0.00372184980000001	0
10714	155971	0.0036519213307000253	0
836	155807	0.003566648299999975	0
155971	3569	0.0034699379606899505	0
155459	8453	0.0034550178321499647	0
155971	51497	0.0033766807635300378	0
155459	8835	0.0032442298000000536	0
8453	155459	0.003198287074020034	0
30816	155908	0.003001608684920054	0
998	155030	0.002941288000000042	0
347376	155971	0.0029337942986300547	0
155971	347376	0.0029337942986300547	0
155030	653820	0.002932353079289962	0
3107	155971	0.002670134699999993	0
155871	3958	0.0025183638063599467	0
155908	30816	0.002395581520360013	0
1234	156110	0.002337605999999992	0
155971	6774	0.00208756099999996	0
155908	653108	0.002019586568689946	0
5933	155971	0.002015051700000048	0
51497	155971	0.0018995343945900078	0
156110	1234	0.0018871713000000456	0
653108	155908	0.0017733897289300415	0
155030	54732	0.0015845990042699931	0
3958	155871	0.0014731289463599806	0
1493	156110	0.0014097261384899973	1
155908	6194	0.0011770013999999884	0
6194	155908	0.0011770013999999884	0
4153	155971	0.0011703572000000273	0
155459	1154	0.0010311389999999587	0
155971	26996	0.0010170626000000071	0
6774	155971	0.0010028643999999698	0
155030	51311	0.0009611344522340026	0
4314	155030	0.0009598329000000128	0
155908	10656	0.0008990450000000427	0
51311	155030	0.0008967148975930206	0
155971	4153	0.000873800499999966	0
156110	1493	0.0008716694052980367	1
6998	155971	0.0008408985400000235	0
652070	155971	0.0008125601499999746	0
155971	652070	0.0008125601499999746	0
1154	155459	0.0007938512999999814	0
8835	155459	0.0007931548999999816	0
155030	4314	0.0007539061500000388	0
155971	6998	0.000655517600000044	0
6596	155807	0.0006284698937379929	0
5594	155030	0.0006094324642369475	0
155971	5933	0.0006003011999999863	0
26996	155971	0.0005571977999999644	0
155030	5594	0.00045635290871903766	0
155807	6596	0.00044819542569696225	0
155030	6998	0.000393919800000031	0
155807	3725	0.0003739991901660078	0
202559	155908	0.0003337378700000171	0
155971	100616444	0.0003167049842229819	0
100616444	155971	0.0003125469617399901	0
3458	156110	0.00031139003000002496	0
156110	3458	0.00031139003000002496	0
3725	155807	0.0003024226538750341	0
100689229	155030	0.0002741919015459837	0
155030	54539	0.0002550659245890152	0
54539	155030	0.00024297735770995033	0
6998	155030	0.0002396889300000371	0
9648	156110	0.00020670903999997492	0
156110	9648	0.000196943199999966	0
155971	30816	0.00019374863337295878	0
10673	155971	0.00018761897999997057	0
155971	10673	0.00018761897999997057	0
30816	155971	0.00017940850185405033	0
973	155971	0.00017746418999997626	0
155971	3558	0.00016413895000000345	0
156110	6774	0.00016007047198396407	0
6774	156110	0.00016007047198396407	0
155030	100689229	0.000142669346337998	0
155030	100129339	0.000114999806000049	0
155971	973	9.908911000000575e-05	0
155971	3458	8.893169354839969e-05	0
100129339	155030	8.768676000003861e-05	0
3838	155807	8.756157992173552e-05	0
155807	842	8.190275999997443e-05	0
155807	3838	7.91580792138813e-05	0
155030	1029	7.621117826128732e-05	0
155908	202559	7.21154360000531e-05	0
10714	155348	7.153625500000427e-05	0
155971	4738	6.531529999997954e-05	0
156110	3135	6.521083557831098e-05	0
3458	155971	5.7209815383152396e-05	0
155971	3586	5.5115402429528615e-05	0
3586	155971	5.5115402429528615e-05	0
1029	155030	5.375646168870318e-05	0
155807	841	5.073781999997973e-05	0
155971	963	4.793280500003938e-05	0
834	155971	4.625990200002317e-05	0
155030	6737	4.406564000003499e-05	0
155971	834	4.34557439999983e-05	0
10657	155908	4.160695088473165e-05	0
156110	3558	3.9669604621539456e-05	0
155030	3574	3.9358829999947e-05	0
80279	155971	3.546941479870558e-05	0
4790	155807	3.513218610740054e-05	0
3558	155971	3.492753000000626e-05	0
155971	4513	3.0867952000024346e-05	0
155971	10410	2.8914082999986768e-05	1
10410	155971	2.8914082999986768e-05	1
155807	4790	2.7284326007626092e-05	0
3558	156110	2.5657514470256437e-05	0
387	155030	2.3673409000002366e-05	0
963	155971	2.3256637999957697e-05	0
19	156110	2.062244000000657e-05	0
155348	10714	2.019229600003225e-05	0
155908	5903	1.854727299999137e-05	0
842	155807	1.804342199995812e-05	0
6737	155030	1.673053200001995e-05	0
155971	80279	1.6571677370125215e-05	0
155807	10714	1.6370570000034945e-05	0
4320	155030	1.5922160000014784e-05	0
155030	387	1.5569014000016423e-05	0
3574	155030	1.5558727999964717e-05	0
841	155807	1.4743186000032438e-05	0
155908	10657	1.3209651812506884e-05	0
11337	156110	1.2007884000020397e-05	0
917	156110	1.0465810999948921e-05	0
156110	917	1.0465810999948921e-05	0
155908	55170	1.0236494999982249e-05	0
155807	25939	9.853240197199575e-06	0
25939	155807	9.754085358304465e-06	0
155030	4320	9.246014999964025e-06	0
156110	11337	8.031019000043216e-06	0
156110	19	6.4671744000044384e-06	0
4261	155030	6.100844999967769e-06	0
4513	155971	5.779130299976565e-06	0
5903	155908	5.754052999962234e-06	0
3848	155908	5.658543600017829e-06	0
4738	155971	5.229194000033743e-06	0
3458	155908	5.1998929999630406e-06	0
155908	3458	5.051777000053548e-06	0
3135	156110	4.972960385929426e-06	0
55170	155908	4.753211000019242e-06	0
155030	4261	4.559117000035862e-06	0
155971	1392	4.4956700000486904e-06	0
10714	155807	4.4236634999528235e-06	0
155807	653820	4.346612500039093e-06	0
6714	156110	3.766556800011145e-06	0
653820	155807	3.54199959995416e-06	0
310	155030	3.5249149999971863e-06	0
155908	3848	3.280485800005728e-06	0
1392	155971	2.618607599980116e-06	0
155908	103	2.6183329999707183e-06	0
103	155908	2.6183329999707183e-06	0
155030	310	1.9805359999791605e-06	0
155971	653820	1.8449255245744922e-06	0
1629	155030	1.657233925200785e-06	0
1234	155030	1.304133199986346e-06	0
155030	1234	1.304133199986346e-06	0
156110	6714	1.0159683000443565e-06	0
653820	155971	8.783699854131299e-07	0
652070	155459	8.181056599942949e-07	0
155030	1437	8.066812700047166e-07	0
1437	155030	8.066812700047166e-07	0
155971	3178	5.245227999717272e-07	0
155807	54205	4.800309999497543e-07	0
156110	5058	4.5245422997108875e-07	1
56655	155030	3.7686836995565187e-07	0
155030	56655	3.7228275995282445e-07	0
155971	6426	3.4641763613230125e-07	0
10521	155030	3.215822299562632e-07	0
155459	652070	3.137896600335921e-07	0
3622	155908	2.8757879999563585e-07	0
155348	51014	2.781714300015281e-07	0
51014	155348	2.781714300015281e-07	0
27074	155030	2.2031108004583189e-07	0
6772	155971	1.9470196999105127e-07	0
155908	3622	1.8212734997913316e-07	0
155945	30816	1.6518090817374542e-07	0
155030	27074	1.6427980997768543e-07	0
6426	155971	1.4340022214121007e-07	0
4481	156110	1.3164387002717604e-07	0
156110	4481	1.295471899753764e-07	0
30816	155945	1.1966159896292794e-07	0
155030	1629	1.074015084645552e-07	0
5058	156110	1.0262050398335276e-07	1
155908	26827	9.603600004126633e-08	0
155908	3700	8.147843000294586e-08	0
3700	155908	8.147843000294586e-08	0
155971	6772	7.834957005403709e-08	0
155030	10521	6.918586004101002e-08	0
3178	155971	5.990896001506485e-08	0
54205	155807	4.452505597551948e-08	0
155971	3329	4.385240304216609e-08	0
155971	3576	4.212477500153966e-08	0
155030	676	4.002803000169308e-08	0
155971	3603	3.3707564961460434e-08	0
51014	155030	3.236990997468325e-08	0
155807	347376	3.110894297719824e-08	0
6347	156110	3.094708000972446e-08	0
3603	155971	2.848500602059545e-08	0
155030	51014	2.4659336017585076e-08	0
3576	155971	2.4315306990096985e-08	0
155348	8941	2.091142703442017e-08	0
155030	5524	2.00365060099017e-08	0
8941	155348	1.8497332998634874e-08	0
156110	6347	1.7314703004700505e-08	0
5524	155030	1.3642954987957978e-08	0
155030	6402	1.3456724956562027e-08	0
3329	155971	1.2819034944655527e-08	0
26827	155908	1.2318401965139003e-08	0
653820	155348	1.1884242034909676e-08	0
155030	85363	1.011048500476619e-08	0
29110	155459	7.996679984856314e-09	0
155459	29110	7.996679984856314e-09	0
8626	155348	7.789149991666022e-09	0
155348	8626	7.789149991666022e-09	0
676	155030	6.907757477137011e-09	0
238	156110	6.7964740502191034e-09	0
155030	1489	5.987065954116133e-09	0
6402	155030	5.328084973221792e-09	0
347376	155807	4.788971996738667e-09	0
8941	155030	4.338731041109156e-09	0
155971	54472	3.643626511617981e-09	0
156110	238	3.5234629658376093e-09	0
85363	155030	3.3715521485788713e-09	0
155348	653820	3.096064737917459e-09	0
155030	8941	3.0303843878698444e-09	0
54472	155971	2.7815161285360546e-09	0
1489	155030	1.408243965883571e-09	0
155459	342574	1.0568423913781544e-09	0
342574	155459	1.0568423913781544e-09	0
155807	8941	9.622531660369305e-10	0
155908	100616444	7.530013279577474e-10	0
4594	156110	6.716571743226041e-10	0
156110	5599	5.987724760458946e-10	0
155971	974	5.329779950713487e-10	0
974	155971	5.329779950713487e-10	0
156110	4594	3.872985265829243e-10	0
155908	100271694	3.8549730074777244e-10	0
8941	155807	3.2974467600865864e-10	0
2028	155908	3.2475255817843163e-10	0
155030	4758	2.623068429130626e-10	0
100271694	155908	2.316338232333237e-10	0
4758	155030	1.9675727713774904e-10	0
5599	156110	1.854769671183476e-10	0
155908	2028	1.0809697581493083e-10	0
100616444	155908	6.430267429635705e-11	0
155871	100187828	3.384437174958066e-11	0
100187828	155871	6.448397371627834e-12	0
4790	155971	5.9393601148372e-12	0
155971	4790	4.870992498240412e-12	0
10959	155459	8.781864124784988e-14	0
155459	10959	1.9317880628477724e-14	0
407007	155971	1.887379141862766e-15	0
155971	407007	7.771561172376096e-16	0
