E1	E2	Probability	Label
155459	60489	1.0	0
202559	155908	0.00033373787	0
302	155030	0.999999371113633	1
3107	156110	0.21953508116019116	0
3458	156110	0.00031139003	0
155030	4261	4.559117e-06	0
4594	156110	6.716572e-10	0
4734	155030	0.99780697	0
3576	155971	2.4315307e-08	0
155908	1653	0.9999965288429506	1
155030	5594	0.0013016931540119625	0
155971	3576	4.2124775e-08	0
155459	6921	0.6937276378398369	0
155971	1272	0.10100782	0
155908	7514	1.0	1
1673	155871	0.012971405080973275	0
155971	26996	0.0010170626	0
156110	356	1.0	0
155459	8065	1.0	0
3958	155871	0.0017362780719566429	0
6714	156110	3.7665568e-06	0
156110	3458	0.00031139003	0
100187828	155871	6.4484004e-12	0
155945	684	1.0	1
155030	51014	2.4659336e-08	0
156110	1493	1.4648005035589051e-06	1
10462	155030	0.5397477066011052	0
3836	155807	0.09872926942214744	0
1508	155030	0.6145394098274366	0
10959	155030	0.9999999999964774	0
684	155971	0.15307307	1
917	156110	1.0465811e-05	0
3661	155945	0.9101186917798512	1
155971	6347	0.9999541000519377	0
155030	4314	0.00075390615	0
156110	6347	1.7314703e-08	0
19	155971	0.9733011	0
155971	115362	0.8240438895699256	0
7852	156110	0.9973779405595098	1
155971	6351	0.99999905	0
6998	155971	0.00084089854	0
155030	100862696	0.9342353180210679	0
2028	155908	3.2475256e-10	0
155807	4790	5.4771569856115754e-05	0
347376	155030	0.9101857730071826	0
3502	155971	0.012727746132537465	0
60489	155459	1.0	0
100616444	155030	0.9999996751623333	0
155030	10015	1.0	1
54106	155971	0.8675209	0
155030	148362	0.27913943	0
156110	7124	0.9584039821234731	0
100689229	155030	0.0003380438062315916	0
155030	100689229	0.00017389444764459583	0
155030	27074	1.6427981e-07	0
155030	10521	6.918586e-08	0
155030	100616444	0.9999997705110468	0
1387	155971	0.9698406	0
155945	5817	0.6057039942576088	0
6285	155908	0.11729481038833822	0
155971	801	0.999999843439	0
310	155030	3.524915e-06	0
1493	156110	3.863433526762883e-06	1
155971	28910	0.99698204	0
155971	3586	2.525396601837926e-07	0
6596	155807	0.002508850744639135	0
155971	4153	0.0008738005	0
3732	155030	0.8501546	1
155971	974	5.3297794e-10	0
861	155459	0.30930537669075475	0
156110	238	3.523463e-09	0
1421	155030	0.077018775	0
156110	3106	0.5920140718085914	1
155971	3502	0.00589955602162362	0
156110	5599	5.9877253e-10	0
79966	155971	0.028537877	0
155971	6387	1.0	0
155807	3916	0.99999845	0
653820	155807	3.5419996e-06	0
156110	256987	0.1278531877330521	0
821	155971	0.9999999999956586	1
155971	4780	0.6205330187817857	0
155030	684	0.11912002	1
155030	1629	5.637472779485009e-06	0
155030	3565	0.0037856480498263956	0
8835	155459	0.0007931549	0
155348	8941	2.0911427e-08	0
155807	5886	0.9756302997835655	0
1109	155971	0.2131579	0
5621	155971	0.08691291	0
1669	155971	0.0011670146928719483	0
155971	51497	0.0006674143040912295	0
155971	10226	0.16774336854656813	0
2720	155971	0.30175894	0
19	156110	2.062244e-05	0
5594	155030	0.0017577139208044823	0
6402	155030	5.328085e-09	0
155807	3725	0.0009516928558221949	0
728378	155030	0.852088536495395	0
155971	834	4.3455744e-05	0
156110	684	0.9736018365439164	0
347376	155807	4.788972e-09	0
27067	155908	0.10259735560910821	0
865	155459	0.9989994348730611	0
155971	2745	0.8095535939493906	0
3558	155971	3.492753e-05	0
155807	836	0.004895091	0
22914	155945	0.00240011792162087	0
156110	925	0.24504094282779465	1
256987	156110	0.1471850976097383	0
920	155971	1.0	1
155459	865	0.9997121925228284	0
347376	155971	0.0005960132390074868	0
155971	28299	0.989534433722686	0
155971	2187	0.9999999922612175	0
10714	155348	7.1536255e-05	0
155030	3735	0.9918161648672649	0
156110	7253	0.007813475310862295	0
156110	60489	0.04193913570239893	0
5478	155030	1.0	0
973	155971	0.00017746419	0
155971	30816	2.2223861071202222e-05	0
6737	155030	1.6730532e-05	0
5478	156110	0.9999144000009257	0
156110	5817	0.8347290793539048	0
3178	155971	5.990896e-08	0
1029	155030	6.942574182533523e-05	0
155971	4843	0.95693445	0
925	155459	0.30070814	0
155971	5122	1.0	0
155971	51311	0.15529439	0
54205	155807	4.4525056e-08	0
6772	155971	1.9470197e-07	0
653820	155971	1.034835268143297e-06	0
155971	19	0.9738227	0
148362	155030	0.25169215	0
155971	10959	0.9977547183702407	0
155971	10410	2.8914083e-05	1
25939	155807	1.2718134989597729e-08	0
7020	155971	0.9999985054699284	0
155030	6737	4.406564e-05	0
4869	155908	0.13883438712251128	1
5713	155807	0.92731076	0
156110	4594	3.872985e-10	0
3777	155945	0.224135487632385	0
155908	653108	1.1020939713723976e-05	0
155971	4790	4.871037e-12	0
156110	6285	0.9999831876851764	0
155030	4320	9.246015e-06	0
155908	6285	0.1164880804943742	0
155971	54106	0.7295864	0
155908	100271694	3.8549727e-10	0
100862696	155030	0.9791460533728054	0
155030	1421	0.06719902	0
3267	155908	0.2452939	0
155908	10492	0.0023667323675736762	0
155030	8941	3.0303844e-09	0
155807	25939	1.328324739091613e-08	0
2332	155908	0.9997317869506477	0
8065	155459	1.0	0
155807	842	8.190276e-05	0
155348	10714	2.0192296e-05	0
6426	155971	4.0370401721556703e-07	0
3385	155971	0.936826798322477	0
155807	10980	0.99741733	0
155030	10959	0.999999999976798	0
155945	1128	0.99770504	0
155459	200316	0.9998841007264507	1
5901	155030	0.99982554	0
155971	3700	1.0	0
6998	155030	0.00023968893	0
3106	155030	0.9999999999978283	1
8941	155348	1.8497333e-08	0
3840	155807	0.9889361076854386	0
155030	7251	0.9999999999999768	1
684	155945	1.0	1
30816	155945	1.3332115444963932e-07	0
3700	155971	1.0	0
155908	4869	0.12331130913838273	1
3135	156110	1.7790180174559467e-05	0
3603	155971	2.8485006e-08	0
100616444	155945	0.4222459986762639	0
7432	155971	0.71388906	0
6693	155971	0.7170809817447804	0
155908	3267	0.5499987	0
155971	4513	3.0867952e-05	0
156110	11337	8.031019e-06	0
156110	1435	0.4633387190097157	0
155971	1109	0.062162474	0
156110	2736	0.21720508272548633	0
155971	80279	5.318493423445148e-10	0
920	155459	0.9808814409968568	0
155030	1489	5.987066e-09	0
9733	155871	0.015676311724111436	0
155971	347376	0.0005960132390074868	0
6348	155971	0.9999999999989042	0
940	156110	0.3776573209461468	1
155030	5478	0.9999999999999981	0
920	156110	1.0	0
5062	156110	0.9999999982234473	1
155348	10075	0.48109496295593523	0
155971	5933	0.0006003012	0
10980	155807	0.99741733	0
2745	155971	0.8080268799032968	0
23547	156110	0.44134654163991605	0
5122	155971	1.0	0
155971	6998	0.0006555176	0
155030	7329	0.99724364	1
156110	55690	0.98217255	0
155030	975	0.9889481165805312	1
155971	5599	0.94469715881164	0
51311	155971	0.17493808	0
155030	286	0.052260442630431836	0
6402	155971	0.007662758380832746	0
156110	3932	0.9999999999999588	1
10015	155030	1.0	1
387	155030	2.3673409e-05	0
155807	55540	0.9801880599228185	0
155971	3384	0.85901916	0
155807	81559	0.006811338472796136	0
5933	155971	0.0020150517	0
155807	347376	3.1108943e-08	0
904	155871	0.9999450529076491	1
155971	30835	1.0	0
3622	155908	2.875788e-07	0
156110	7852	0.9370804986284664	1
920	155945	1.0	0
10075	155348	0.9451133365211208	0
155807	6596	0.001173295779952066	0
155807	10959	0.29793388	0
1392	155971	2.6186076e-06	0
23241	156110	0.8781438	0
7422	155871	0.9993642000016512	0
1629	155030	5.481603504620125e-05	0
155348	51014	2.7817143e-07	0
156110	7020	0.9999372596182112	0
3704	155908	0.032265069326358975	0
155030	79719	0.26171225	0
1272	155971	0.10100782	0
925	155030	1.0	0
29110	156110	1.0	0
155030	920	0.9999985666395286	1
155908	3458	5.051777e-06	0
972	155945	0.9829342902749317	0
155807	3735	0.9999999930157322	0
156110	917	1.0465811e-05	0
115362	155971	0.9639968570636713	0
4481	156110	1.3164387e-07	0
155030	6402	1.3456725e-08	0
3458	155971	6.793336328547728e-05	0
155908	2332	0.9999794414357861	0
1653	155908	0.9999930649199802	1
5599	156110	1.8547694e-10	0
7251	155030	1.0	1
155971	79966	0.028537877	0
155971	3458	0.00011194744582487814	0
155908	100616444	7.5300133e-10	0
6285	155945	0.02111193	0
155030	310	1.980536e-06	0
155030	3106	1.0	1
100129339	155030	8.768676e-05	0
7474	155971	0.6200168055528579	0
155908	103	2.618333e-06	0
238	156110	6.796474e-09	0
2736	156110	0.1397351506599087	0
155971	3107	0.012119474	0
10226	155971	0.18048621573665757	0
155030	81030	0.03475896026946668	0
155871	904	0.9999450518908913	1
84268	155908	0.48859584001015777	0
2028	155030	0.026404003	0
55540	155807	0.9801880599228185	0
286	155030	0.017496406724125002	0
3848	155908	5.6585436e-06	0
3932	155971	0.12358716	0
54472	155971	2.7815161e-09	0
1056	155971	0.99799746	0
1435	156110	0.13860230243795368	0
156110	2534	0.5553154498730499	0
7329	155030	0.989167	1
983	155908	0.058207836	0
4780	155971	0.6889697978055995	0
51014	155348	2.7817143e-07	0
7374	155459	0.12085056000018946	0
155030	5901	0.99993443	0
155030	7020	0.9813186508290386	0
155971	925	1.0	0
10657	155908	0.0001190241395341296	0
5599	155971	0.992418174908536	0
155971	3178	5.245228e-07	0
156110	23547	0.4413465613240616	0
155030	6285	0.37215278918769934	0
156110	3606	0.02655029974354306	0
155971	684	0.16674721	1
80279	155971	2.0851614879191516e-09	0
155971	50863	0.9173873	0
155030	3456	0.30153304	0
6921	155459	0.640404582311145	0
9648	156110	0.00020670904	0
155971	7124	0.05204761881451536	0
28299	155971	0.9993792211742604	0
1236	155971	0.064562514	0
4691	155908	0.9969624508309501	0
155971	7852	1.0	1
48	155908	0.41691484395106393	0
155971	963	4.7932805e-05	0
92421	155030	0.99731725	1
5817	155945	0.6110976809623011	0
155971	28981	0.94447947	0
155971	1392	4.49567e-06	0
155030	24137	0.9999439780824241	1
155971	6890	0.3083764036940635	0
155459	861	0.316244091197852	0
6890	155971	0.06259495770507106	0
10959	155971	0.9975547662474302	0
155030	302	0.9999996952159725	1
155871	100187828	3.3844347e-11	0
4153	155971	0.0011703572	0
3055	156110	0.9999999997836467	1
1984	155908	0.9999989388132456	0
3558	156110	3.983420545972116e-06	0
30816	155908	0.0003220018092539023	0
156110	23241	0.8011379	0
10673	155971	0.00018761898	0
155908	48	0.15606079345821666	0
155971	6693	0.6041746339520111	0
155971	6426	9.629049275705626e-07	0
155030	54732	0.0019554665440592034	0
155030	54539	3.3607411054070724e-07	0
155945	972	0.9773924817767313	0
100616444	155971	0.0010996069361265404	0
155807	3836	0.09872933939625161	0
155971	7020	0.9999998614997643	0
155971	5045	1.0	0
155971	54472	3.6436265e-09	0
8945	155945	0.06735025615697965	0
407007	155971	1.8886463e-15	0
155971	6774	0.002087561	0
4320	155030	1.592216e-05	0
5524	155030	1.3642955e-08	0
155971	3329	4.3852403e-08	0
155971	100689229	0.052072283	0
51311	155030	5.837578589873438e-05	0
841	155807	1.4743186e-05	0
85363	155030	3.3715521e-09	0
2534	156110	0.7795139699690862	0
155971	1232	0.9998827	0
155908	30816	0.00014901221691221433	0
155971	10673	0.00018761898	0
3916	155807	0.9999925	0
100313781	156110	0.009924549	0
5045	155971	1.0	0
156110	3105	0.39381636624026906	1
155971	818	0.99204149801965	0
7020	156110	0.9999374616796941	0
25939	155459	0.9258251	0
29082	155030	0.9996520981881067	1
5903	155908	5.754053e-06	0
1234	155030	1.3041332e-06	0
155945	6285	0.02111193	0
974	155971	5.3297794e-10	0
155030	6426	0.02301787	0
155971	100616444	0.001096986153037438	0
155971	653820	2.1263236831270405e-06	0
3565	155971	0.389192317576709	0
1755	155971	0.9764534	0
6667	155030	0.09047833543576811	0
155459	10959	1.9314083e-14	0
155971	2720	0.22793747	0
155971	920	1.0	1
155459	684	0.8593484	0
155971	6348	0.9999999999989042	0
155971	1056	0.9982173	0
155945	3777	0.5419169311813467	0
155908	84268	0.43819314001115894	0
3735	155807	0.9999999860081468	0
10959	155807	0.30153304	0
155945	4738	0.011243575175072351	0
9564	155807	0.9999975294606145	0
156110	3135	0.0002447233606235333	0
60489	155030	0.999999999998728	1
3586	155971	2.525396601837926e-07	0
10656	155908	0.00521621	0
155971	7432	0.7732591	0
3458	155030	0.9990324023185279	0
155030	834	0.03808393917004704	0
155971	821	0.9999999998883542	1
155971	1803	1.0	0
81030	155030	0.29875154751497024	0
155971	6402	0.002718291346935575	0
155030	653820	0.004561225984736628	0
155908	728378	0.9999999998648216	0
55170	155908	4.753211e-06	0
351	155971	0.23484918	0
4738	155945	0.13615361102662504	0
155945	30816	1.8383671673838364e-07	0
155971	1669	0.0011588637074951835	0
155030	3732	0.8986902	1
156110	29110	1.0	0
155908	27067	0.1035136878754257	0
1234	155971	1.0	1
156110	3055	0.9999999998766731	1
54539	155030	3.4076089605594717e-07	0
155459	164668	0.9999999638957507	0
7124	156110	0.9623778527462629	0
155908	1984	0.9999991593992565	0
155459	652070	3.1378966e-07	0
156110	5058	4.5245423e-07	1
155807	3840	0.9887294271492922	0
8941	155030	4.338731e-09	0
155871	9733	0.009593958661148316	0
1232	155971	0.9997738	0
100616444	156110	0.99088216	0
155908	10656	0.000899045	0
155459	8453	0.0010240992621145528	0
10959	156110	0.01365851223324277	0
155459	25939	0.8593484	0
156110	57026	0.00670689	0
3569	155971	0.00024281113249313702	0
653820	155030	0.06902733930358618	0
155030	728378	0.88998606607468	0
926	156110	0.01150258	1
7040	155971	0.032093663753919865	0
60489	156110	0.04193913570239893	0
29110	155459	7.99668e-09	0
10959	155459	8.7779054e-14	0
155030	5524	2.0036506e-08	0
156110	22914	0.4882545493539352	0
155971	100	0.99845135	0
156110	10399	0.582283666683098	0
155971	3603	3.3707565e-08	0
684	155030	0.3879283	1
30816	155030	0.6579625284739858	0
3091	155807	0.9999637177329569	0
155030	29082	0.9999133054187296	1
155348	653820	3.0960647e-09	0
155030	925	1.0	0
156110	940	0.19310037298899607	1
155971	3558	0.00016413895	0
3107	155971	0.0026701347	0
156110	9648	0.0001969432	0
155030	676	4.002803e-08	0
155807	10714	1.637057e-05	0
3606	156110	0.013340375958942552	0
155807	3838	0.00024532386781417337	0
155908	2028	1.0809698e-10	0
156110	10959	0.018862112038923518	0
155459	100616444	0.0013126645630895384	0
57026	156110	0.00670689	0
100616444	155459	0.0022238198378462526	0
28910	155971	0.99576145	0
155971	6772	7.834957e-08	0
2187	155971	0.9999999998193224	0
155030	4758	2.6230682e-10	0
6347	156110	3.094708e-08	0
6351	155971	0.99999714	0
155971	4738	6.53153e-05	0
51014	155030	3.236991e-08	0
164668	155459	0.9999994070400184	0
4360	155971	0.7284566781669757	0
4790	155807	7.121828331879687e-05	0
156110	3107	0.013077734512954797	0
155030	200316	0.0014177575574491064	0
155945	920	1.0	0
836	155807	0.0035666483	0
155030	2028	0.08163675	0
684	156110	0.9495142591782386	0
8941	155807	3.2974465e-10	0
155971	3565	0.38808376302690717	0
155030	998	0.0040682554	0
155807	54205	4.80031e-07	0
11337	156110	1.2007884e-05	0
10959	155348	0.02019533988342581	0
652070	155971	0.00081256015	0
155908	3700	8.147843e-08	0
155807	841	5.073782e-05	0
10642	155030	0.513552174613781	1
155871	7422	0.9997896600001369	0
3106	156110	0.9463176277708635	1
155971	4982	0.8792391249834609	0
100271694	155908	2.316338e-10	0
3612	155807	1.0	0
81559	155807	0.006964654317977881	0
5901	155908	0.9999994	0
11168	155908	0.9999978443485567	0
3384	155971	0.77554524	0
155945	3661	0.9840985388834079	1
26996	155971	0.0005571978	0
963	155971	2.3256638e-05	0
55690	156110	0.99579084	0
28981	155971	0.97314745	0
10521	155030	3.2158223e-07	0
652070	155459	8.1810566e-07	0
155030	1029	9.777446988523675e-05	0
155908	55170	1.0236495e-05	0
156110	926	0.009580832	1
4790	155971	5.9393215e-12	0
155971	2028	0.9896283450533494	0
155807	5713	0.8201554	0
156110	19	6.4671744e-06	0
100616444	155908	6.430263e-11	0
155871	5813	0.02682702571888651	0
156110	5062	0.9999999980316118	1
4513	155971	5.7791303e-06	0
156110	100313781	0.014172526	0
155971	94025	0.80678374	0
920	155030	0.9999970131834127	1
3105	156110	0.9959802779993244	1
818	155971	0.9945228850975	0
155030	30816	0.662356875095611	0
155030	6998	0.0003939198	0
9730	155807	0.4443990825522951	1
1154	155459	0.0007938513	0
3574	155030	1.5558728e-05	0
200316	155459	0.9998230054314624	1
155348	10959	0.006001705751051967	0
155971	1755	0.94260454	0
155030	10642	0.32878670615247974	1
653108	155908	1.0838315612882177e-05	0
156110	1234	0.0018871713	0
155971	7474	0.5923487716341129	0
10399	156110	0.5578929352284648	0
155459	342574	1.0568424e-09	0
155030	1437	8.0668127e-07	0
155807	8941	9.622532e-10	0
1392	155030	0.009052412470776261	0
155908	202559	7.2115436e-05	0
10714	155807	4.4236635e-06	0
155030	85363	1.0110485e-08	0
3700	155030	0.0037218498	0
356	156110	1.0	0
155030	51311	4.905264302468293e-05	0
1437	155030	8.0668127e-07	0
155908	5901	0.9999994	0
155030	947	0.27184257	0
155459	1154	0.001031139	0
79719	155030	0.3845422	0
4843	155971	0.99206805	0
155030	10462	0.4792072574581303	0
7020	155030	0.9813186514526924	0
4738	155971	5.229194e-06	0
156110	4481	1.2954719e-07	0
155971	1236	0.064562514	0
56655	155030	3.7686837e-07	0
155030	100129339	0.000114999806	0
155030	4734	0.9986015	0
155971	4360	0.6777580114364605	0
8626	155348	7.78915e-09	0
128866	155030	0.5055750979622778	1
200316	155030	0.000322331831021927	0
342574	155459	1.0568424e-09	0
7514	155030	0.99982554	0
155030	60489	0.9999999999967704	1
6285	156110	0.999996176165573	0
925	156110	0.4017837362466061	1
5886	155807	0.9342159945344396	0
155971	10714	0.0004306558663249582	0
155807	653820	4.3466125e-06	0
155807	9564	0.9998897097528714	0
3700	155908	8.147843e-08	0
8453	155459	0.0012592391178574136	0
155807	3091	0.9999938650969261	0
975	155030	0.8462173833485159	1
7852	155971	1.0	1
155945	8945	0.03854831685569171	0
155030	3700	0.007760169	0
155908	6194	0.0011770014	0
156110	821	0.41828254	0
30816	155971	2.1888828953597894e-05	0
155459	7374	0.12787476000026332	0
155030	387	1.5569014e-05	0
156110	6714	1.0159683e-06	0
842	155807	1.8043422e-05	0
821	156110	0.36322656	0
10492	155908	0.002414368906655362	0
3456	155030	0.29793388	0
5879	155030	0.4449256809201316	0
10410	155971	2.8914083e-05	1
30835	155971	1.0	0
27074	155030	2.2031108e-07	0
2	155971	0.5791079	0
155971	3932	0.12358716	0
155459	29110	7.99668e-09	0
155971	2064	0.0004933408365320746	0
155908	3704	0.026436135573798758	0
155459	920	0.986346849755894	0
155971	5621	0.087757766	0
6194	155908	0.0011770014	0
155030	347376	0.9092674353090283	0
26827	155908	1.2318402e-08	0
7433	155971	0.03272769	0
3838	155807	0.0002586283636385467	0
2064	155971	0.0011273905847245524	0
155971	7040	0.0320936874154677	0
4314	155030	0.0009598329	0
103	155908	2.618333e-06	0
94025	155971	0.8445424	0
834	155971	4.6259902e-05	0
6774	155971	0.0010028644	0
155971	2335	0.22806278	0
51497	155971	0.00018908552409324653	0
156110	920	1.0	0
10714	155971	0.0002875836524909303	0
4261	155030	6.100845e-06	0
155971	407007	7.4674303e-16	0
155807	9730	0.44463104294820965	1
155971	8743	0.9831937600886664	0
801	155971	0.9999997096231972	0
5058	156110	1.02620504e-07	1
155971	351	0.29323444	0
100	155971	0.9992914	0
998	155030	0.002941288	0
155908	983	0.073379405	0
155908	3622	1.8212735e-07	0
947	155030	0.27184257	0
7253	156110	0.03438253529702162	0
155971	2	0.8787983	0
155908	3848	3.2804858e-06	0
155971	3385	0.9780687099113345	0
3329	155971	1.2819035e-08	0
1128	155945	0.99770504	0
676	155030	6.9077575e-09	0
3458	155908	5.199893e-06	0
684	155459	0.9258251	0
156110	6774	3.747644972129649e-08	0
50863	155971	0.9330133	0
6426	155030	0.02424572	0
155030	3622	0.9990094	0
1803	155971	1.0	0
155030	92421	0.99663514	1
1524	155971	0.9999951	1
156110	5478	0.9998604000003704	0
155908	5903	1.8547273e-05	0
155030	1508	0.5920948098630636	0
155871	3958	0.0029992761311153915	0
155459	925	0.2695499	0
6285	155030	0.36180619219728616	0
156110	3558	5.994644545981309e-06	0
3735	155030	0.9896425934277631	0
155908	4691	0.996953193921222	0
155030	6667	0.08441815813709974	0
155971	1234	1.0	1
155459	8835	0.0032442298	0
155971	652070	0.00081256015	0
925	155971	1.0	0
155971	7433	0.072378196	0
4758	155030	1.9675724e-10	0
156110	100616444	0.9930837	0
5817	156110	0.9136908437905065	0
155908	10657	3.6961292881110275e-05	0
155030	1392	0.008618456470982472	0
155030	3458	0.999032312267408	0
7514	155908	1.0	1
155871	1673	0.008264919028254769	0
1234	156110	0.002337606	0
3932	156110	0.999999999999896	1
155945	22914	0.0020780979460499616	0
3565	155030	0.004989148807446275	0
7124	155971	0.06909884629855212	0
155971	1524	0.99999785	1
100689229	155971	0.052072283	0
155807	3612	1.0	0
155908	1654	0.050500852665760765	0
24137	155030	0.9997189934099923	1
4982	155971	0.7001697030578802	0
155971	1387	0.81919056	0
155945	100616444	0.9160261362832862	0
653820	155348	1.1884242e-08	0
22914	156110	0.5399541919574672	0
155030	5879	0.2555666600327774	0
155908	11168	0.9999985730977718	0
155908	26827	9.6036e-08	0
728378	155908	0.9999997699970578	0
155971	973	9.908911e-05	0
6387	155971	1.0	0
155030	1234	1.3041332e-06	0
1489	155030	1.408244e-09	0
2028	155971	0.9727241474553091	0
155348	8626	7.78915e-09	0
6347	155971	0.9999687700486725	0
155971	3569	4.801173912227785e-05	0
155030	128866	0.4768052004938734	1
155030	56655	3.7228276e-07	0
155030	7514	0.99993443	0
8743	155971	0.9612641661607081	0
155030	3574	3.935883e-05	0
3622	155030	0.99920744	0
1654	155908	0.05111899520711616	0
2335	155971	0.22806278	0
5813	155871	0.013570114390172971	0
834	155030	0.007763309030170973	0
3725	155807	0.0007996395010841928	0
54732	155030	0.014629969005696464	0
6774	156110	3.747644972129649e-08	0
