E1	E2	Probability	Label
155459	60489	2.45477617619e-05	0
202559	155908	1.362275e-12	0
302	155030	1.49016589889e-05	0
3107	156110	1.07589470666e-09	0
3458	156110	7.94981e-09	0
155030	4261	6.802936e-06	0
4594	156110	7.060279e-08	0
4734	155030	2.051514e-08	0
3576	155971	3.8108539e-07	0
155908	1653	1.66156413517e-07	0
155030	5594	5.6969980744e-07	0
155971	3576	3.0368065e-07	0
155459	6921	6.60093135707e-09	0
155971	1272	2.0888652e-07	0
155908	7514	6.10458149475e-07	0
1673	155871	6.99575897212e-09	0
155971	26996	1.5063156e-10	0
156110	356	8.85751472168e-11	0
155459	8065	7.26650417726e-07	0
3958	155871	8.07246896106e-07	0
6714	156110	6.224522e-08	0
156110	3458	7.94981e-09	0
100187828	155871	3.1041447e-11	0
155945	684	2.32444316828e-06	0
155030	51014	6.727393e-10	0
156110	1493	2.24585379183e-08	0
10462	155030	8.22657765465e-07	0
3836	155807	1.39479660044e-08	0
1508	155030	1.9393376208e-05	0
10959	155030	2.93284056796e-06	0
684	155971	1.0731747e-08	0
917	156110	3.0530323e-10	0
3661	155945	3.51149644917e-08	0
155971	6347	2.50478656705e-08	0
155030	4314	3.0905917e-07	0
156110	6347	1.9145197e-09	0
19	155971	7.354479e-08	0
155971	115362	2.34440768443e-06	0
7852	156110	2.66588595643e-09	0
155971	6351	2.2394663e-06	0
6998	155971	3.0616324e-05	0
155030	100862696	1.7146250475e-07	0
2028	155908	1.1318558e-09	0
155807	4790	2.84150136298e-06	0
347376	155030	1.21521235282e-05	0
3502	155971	5.99174883598e-07	0
60489	155459	0.000363844445043	0
100616444	155030	4.02065345073e-06	0
155030	10015	4.71679299952e-07	0
54106	155971	2.8307628e-08	0
155030	148362	4.2300923e-09	0
156110	7124	2.33103025771e-09	0
100689229	155030	2.12591259374e-07	0
155030	100689229	2.17913535216e-07	0
155030	27074	2.5574843e-11	0
155030	10521	2.4656266e-09	0
155030	100616444	6.18395836094e-07	0
1387	155971	1.2462424e-07	0
155945	5817	1.81064156868e-06	0
6285	155908	1.79339003981e-06	0
155971	801	1.12010722142e-07	0
310	155030	1.1259217e-09	0
1493	156110	2.09722553768e-08	0
155971	28910	2.0983122e-10	0
155971	3586	1.2278970063e-08	0
6596	155807	1.49723450749e-07	0
155971	4153	1.1069642e-08	0
3732	155030	2.6107544e-10	0
155971	974	5.3578166e-11	0
861	155459	2.45616260663e-09	0
156110	238	1.2250189e-13	0
1421	155030	4.5350532e-07	0
156110	3106	6.02259507476e-06	0
155971	3502	2.42338550338e-08	0
156110	5599	1.5544609e-06	0
79966	155971	8.3630874e-10	0
155971	6387	7.33581573265e-09	0
155807	3916	8.379708e-10	0
653820	155807	1.01629585e-05	0
156110	256987	2.20608006696e-06	0
821	155971	2.72288656179e-05	0
155971	4780	3.9879295477e-07	0
155030	684	9.0010105e-10	0
155030	1629	5.25485261971e-08	0
155030	3565	8.45146175266e-11	0
8835	155459	1.1342509e-06	0
155348	8941	6.504575e-10	0
155807	5886	6.85134443623e-07	0
1109	155971	1.516027e-09	0
5621	155971	1.2462366e-09	0
1669	155971	1.3702340218e-07	0
155971	51497	4.29841639282e-07	0
155971	10226	1.21410288667e-06	0
2720	155971	2.4094062e-09	0
19	156110	1.0221954e-09	0
5594	155030	1.6219012966e-07	0
6402	155030	9.286082e-09	0
155807	3725	4.58842588924e-07	0
728378	155030	3.01701186256e-08	0
155971	834	7.697511e-08	0
156110	684	1.63071927638e-05	0
347376	155807	1.16417986e-07	0
27067	155908	9.52380601049e-08	0
865	155459	4.56520963044e-06	0
155971	2745	6.41446279814e-06	0
3558	155971	1.3512581e-09	0
155807	836	2.2435231e-09	0
22914	155945	2.86895485146e-09	0
156110	925	6.82636400517e-07	0
256987	156110	2.54104678932e-06	0
920	155971	0.000742095546343	0
155459	865	4.91153319826e-06	0
347376	155971	1.26477384899e-07	0
155971	28299	0.000159845887361	0
155971	2187	1.10265969808e-05	0
10714	155348	1.1475741e-10	0
155030	3735	5.75337717246e-07	0
156110	7253	2.77285761019e-09	0
156110	60489	9.89071158308e-09	0
5478	155030	5.16907686454e-06	0
973	155971	3.9907587e-08	0
155971	30816	8.60217819199e-09	0
6737	155030	1.3395417e-12	0
5478	156110	4.87925446713e-08	0
156110	5817	6.35586298037e-08	0
3178	155971	8.1190846e-11	0
1029	155030	6.77389755399e-09	0
155971	4843	5.029765e-08	0
925	155459	1.5766417e-12	0
155971	5122	2.57765843537e-06	0
155971	51311	2.6296616e-09	0
54205	155807	1.4047236e-10	0
6772	155971	3.6933415e-08	0
653820	155971	4.4754591495e-06	0
155971	19	1.0256411e-08	0
148362	155030	5.9148403e-10	0
155971	10959	1.53173520303e-05	0
155971	10410	6.6957796e-08	0
25939	155807	4.6039822954e-08	0
7020	155971	1.4134879045e-08	0
155030	6737	9.744416e-13	0
4869	155908	9.60467927413e-10	0
5713	155807	1.9943416e-10	0
156110	4594	1.9664713e-08	0
3777	155945	2.26977909468e-07	0
155908	653108	9.85489467809e-12	0
155971	4790	3.0371257e-09	0
156110	6285	2.9471434293e-08	0
155030	4320	7.292112e-08	0
155908	6285	8.67937994586e-07	0
155971	54106	1.3077799e-06	0
155908	100271694	3.1647227e-11	0
100862696	155030	3.99950539909e-07	0
155030	1421	3.7311731e-06	0
3267	155908	2.9698074e-07	0
155908	10492	2.65676369793e-13	0
155030	8941	7.235706e-09	0
155807	25939	5.33457882312e-08	0
2332	155908	4.07059164154e-10	0
8065	155459	8.7565675766e-07	0
155807	842	2.0713176e-09	0
155348	10714	9.35944e-11	0
6426	155971	5.92871385319e-09	0
3385	155971	1.48835421909e-06	0
155807	10980	4.3545576e-09	0
155030	10959	7.93582825687e-06	0
155945	1128	3.0817955e-09	0
155459	200316	5.53456845909e-08	0
5901	155030	8.7052127e-10	0
155971	3700	3.17054603372e-06	0
6998	155030	4.339884e-08	0
3106	155030	6.90570362338e-07	0
8941	155348	7.876037e-09	0
3840	155807	4.44323912108e-08	0
155030	7251	1.3203140159e-07	0
684	155945	3.19848077135e-07	0
30816	155945	1.63573723455e-08	0
3700	155971	9.57984843009e-07	0
155908	4869	4.18163917937e-08	0
3135	156110	3.2711449105e-09	0
3603	155971	9.854439e-11	0
100616444	155945	5.89206461399e-12	0
7432	155971	2.9541716e-06	0
6693	155971	6.87012136069e-09	0
155908	3267	6.2286604e-10	0
155971	4513	3.3661573e-07	0
156110	11337	4.8205084e-08	0
156110	1435	6.38065368208e-07	0
155971	1109	2.0982294e-09	0
156110	2736	2.14822780675e-08	0
155971	80279	5.85052004176e-07	0
920	155459	2.24555529726e-08	0
155030	1489	1.4307369e-07	0
9733	155871	2.70457165774e-07	0
155971	347376	1.26477384788e-07	0
6348	155971	1.85201424308e-07	0
940	156110	1.30580308788e-08	0
155030	5478	1.55899438703e-06	0
920	156110	2.70919391847e-05	0
5062	156110	2.60972320744e-05	0
155348	10075	1.03756271352e-08	1
155971	5933	1.4961544e-06	0
10980	155807	4.3545576e-09	0
2745	155971	5.18267524108e-06	0
23547	156110	4.69309080486e-08	0
5122	155971	3.13180198885e-07	1
155971	6998	9.9471515e-09	0
155030	7329	1.3490357e-09	0
156110	55690	1.2658257e-09	0
155030	975	7.99028287979e-09	0
155971	5599	6.42665698436e-10	0
51311	155971	1.0813668e-08	0
155030	286	1.23010600928e-07	0
6402	155971	8.90934730546e-07	0
156110	3932	0.00525014556467	0
10015	155030	3.7820276555e-07	0
387	155030	9.536351e-07	0
155807	55540	2.9941121894e-06	0
155971	3384	3.0501434e-07	0
155807	81559	1.1603026226e-05	0
5933	155971	4.1466952e-05	0
155807	347376	7.722567e-09	0
904	155871	2.86524662851e-06	0
155971	30835	1.14909213367e-07	0
3622	155908	1.7348453e-08	0
156110	7852	1.04809151513e-06	0
920	155945	9.43013778287e-07	0
10075	155348	1.50450679692e-08	0
155807	6596	1.26138270495e-07	0
155807	10959	3.2294103e-09	0
1392	155971	6.097821e-08	0
23241	156110	5.0686194e-10	0
7422	155871	3.21838485973e-07	0
1629	155030	6.10897769038e-08	0
155348	51014	7.7802215e-10	0
156110	7020	4.83737344625e-08	0
3704	155908	6.18562794319e-08	0
155030	79719	1.3283615e-09	0
1272	155971	2.0888652e-07	0
925	155030	6.3707922493e-08	0
29110	156110	1.2400927063e-08	0
155030	920	1.67632028425e-06	0
155908	3458	9.2742494e-11	0
972	155945	1.1707676606e-08	0
155807	3735	2.85321407723e-07	0
156110	917	3.0530323e-10	0
115362	155971	3.3429278764e-06	0
4481	156110	2.1241026e-11	0
155030	6402	9.30484e-09	0
3458	155971	4.93691559855e-08	0
155908	2332	1.46831546921e-10	0
1653	155908	6.80309192314e-08	0
5599	156110	1.4614709e-07	0
7251	155030	9.37618519492e-08	0
155971	79966	8.3630874e-10	0
155971	3458	3.12662297164e-08	0
155908	100616444	2.2901368e-11	0
6285	155945	1.0277442e-08	0
155030	310	5.736108e-10	0
155030	3106	5.45588961676e-07	0
100129339	155030	3.9737824e-06	0
7474	155971	8.64109597654e-07	0
155908	103	2.7128984e-09	0
238	156110	4.1182143e-13	0
2736	156110	4.14162955042e-08	0
155971	3107	4.204412e-11	0
10226	155971	5.64441397621e-07	0
155030	81030	8.48006442844e-09	0
155871	904	2.79363060973e-06	0
84268	155908	1.72308271651e-07	0
2028	155030	1.6708864e-07	0
55540	155807	2.9941121894e-06	0
286	155030	2.5286782801e-07	0
3848	155908	2.4132204e-08	0
3932	155971	2.2223444e-08	0
54472	155971	1.4956406e-07	0
1056	155971	1.03911125e-05	0
1435	156110	2.26936557768e-07	0
156110	2534	3.64506669293e-09	0
7329	155030	2.953852e-09	0
983	155908	4.890671e-08	0
4780	155971	4.48598042245e-05	0
51014	155348	7.7802215e-10	0
7374	155459	1.18885580269e-08	0
155030	5901	6.252192e-10	0
155030	7020	6.57230159185e-10	0
155971	925	2.2709464309e-08	0
10657	155908	7.43887846877e-08	0
5599	155971	8.43342284895e-10	0
155971	3178	8.261572e-10	0
156110	23547	6.80075884496e-10	0
155030	6285	2.58178673995e-08	0
156110	3606	1.17886211337e-06	0
155971	684	1.7253894e-10	0
80279	155971	5.33399179103e-06	0
155971	50863	9.897227e-09	0
155030	3456	3.7773926e-09	0
6921	155459	2.05712031853e-08	0
9648	156110	1.7216731e-08	0
155971	7124	3.45114526512e-07	0
28299	155971	5.99805451681e-05	0
1236	155971	1.3035559e-09	0
4691	155908	2.47758813465e-10	0
155971	7852	3.60301907654e-06	0
48	155908	4.91734336583e-08	0
155971	963	5.9385172e-08	0
92421	155030	1.507075e-09	0
5817	155945	1.87005299745e-06	0
155971	28981	3.4274032e-07	0
155971	1392	1.6056352e-09	0
155030	24137	5.73654084235e-08	0
155971	6890	1.05541518658e-06	0
155459	861	2.57857701857e-09	0
6890	155971	1.80757745649e-06	0
10959	155971	2.56309014302e-06	0
155030	302	5.53784166735e-06	0
155871	100187828	2.4842856e-10	0
4153	155971	6.5273686e-10	0
3055	156110	6.6891664452e-07	0
1984	155908	6.13733803223e-07	0
3558	156110	8.4551178281e-09	0
30816	155908	7.55990825496e-11	0
156110	23241	4.3345705e-09	0
10673	155971	2.7647107e-10	0
155908	48	5.78587163735e-08	0
155971	6693	2.6868044456e-09	0
155971	6426	1.29015083838e-07	0
155030	54732	1.94787835195e-07	0
155030	54539	1.00749562237e-06	0
155945	972	7.09551761791e-09	0
100616444	155971	7.01078360921e-08	0
155807	3836	9.11435704687e-09	0
155971	7020	1.08692065348e-08	0
155971	5045	0.000644925017183	0
155971	54472	1.1232478e-07	0
8945	155945	3.47356510222e-09	0
407007	155971	1.1901479e-12	0
155971	6774	4.9854574e-08	0
4320	155030	3.399357e-09	0
5524	155030	2.751591e-07	0
155971	3329	3.7855702e-10	0
155971	100689229	1.4447809e-12	0
51311	155030	1.70407678968e-07	0
841	155807	1.8656955e-12	0
85363	155030	1.6849395e-09	0
2534	156110	5.1759707631e-12	0
155971	1232	8.472625e-08	0
155908	30816	3.26876048451e-09	0
155971	10673	2.7647107e-10	0
3916	155807	5.810735e-10	0
100313781	156110	8.501506e-06	0
5045	155971	0.000601607535141	1
156110	3105	2.0190168426e-09	0
155971	818	3.4492597667e-10	0
7020	156110	2.00038946518e-08	0
25939	155459	2.0821291e-11	0
29082	155030	1.03868151857e-08	0
5903	155908	6.3565455e-12	0
1234	155030	2.230603e-09	0
155945	6285	1.0277442e-08	0
974	155971	5.3578166e-11	0
155030	6426	1.8675622e-11	0
155971	100616444	4.21203448786e-08	0
155971	653820	4.91361012545e-07	0
3565	155971	5.04763542075e-08	0
1755	155971	3.244035e-07	0
6667	155030	1.73263221437e-07	0
155459	10959	1.8572383e-12	0
155971	2720	4.8476787e-09	0
155971	920	0.000752020283062	0
155459	684	4.0895876e-10	0
155971	6348	1.85201424308e-07	0
155971	1056	5.446629e-06	0
155945	3777	1.79622256846e-07	0
155908	84268	1.69962854124e-07	0
3735	155807	1.40900600742e-07	0
10959	155807	3.7773926e-09	0
155945	4738	1.83068831539e-07	0
9564	155807	8.26473616211e-08	0
156110	3135	2.6206464776e-09	0
60489	155030	1.32912236772e-08	0
3586	155971	1.2278970063e-08	0
10656	155908	2.5069635e-13	0
155971	7432	2.451139e-08	0
3458	155030	1.69180753851e-08	0
155030	834	3.07106805683e-05	0
155971	821	2.04858762176e-08	0
155971	1803	0.000188871864547	0
81030	155030	2.00336414125e-10	0
155971	6402	2.14861960368e-06	0
155030	653820	1.46104149634e-06	0
155908	728378	4.78422779171e-09	0
55170	155908	5.7507936e-08	0
351	155971	3.5789975e-09	0
4738	155945	1.81935255861e-07	0
155945	30816	4.45463320675e-08	0
155971	1669	1.37616227747e-07	0
155030	3732	8.599057e-09	0
156110	29110	1.42760532285e-08	0
155908	27067	1.16429202834e-07	0
1234	155971	0.000118638649723	0
156110	3055	3.19975995966e-05	0
54539	155030	9.80930519479e-07	0
155459	164668	3.73570840706e-07	0
7124	156110	7.16270665002e-09	0
155908	1984	3.67842947546e-07	0
155459	652070	5.597424e-09	0
156110	5058	1.7598883e-06	0
155807	3840	1.41758016248e-06	0
8941	155030	2.3567877e-08	0
155871	9733	7.8994543351e-08	0
1232	155971	1.6761246e-07	0
100616444	156110	3.1120755e-12	0
155908	10656	1.05601925e-11	0
155459	8453	5.82354515277e-07	0
10959	156110	4.67409421168e-08	0
155459	25939	4.0895876e-10	0
156110	57026	3.8668238e-09	0
3569	155971	3.79929865346e-10	0
653820	155030	6.58525015185e-07	0
155030	728378	9.48981504489e-09	0
926	156110	9.222327e-09	0
7040	155971	1.91634993429e-08	0
60489	156110	9.89071158308e-09	0
29110	155459	3.1758624e-10	0
10959	155459	6.6324936e-12	0
155030	5524	1.7324979e-06	0
156110	22914	5.34803623609e-09	0
155971	100	0.00045127815	0
156110	10399	3.88867164025e-08	0
155971	3603	1.4233738e-10	0
684	155030	1.2487349e-09	0
30816	155030	5.35633189913e-07	0
3091	155807	1.6160578642e-07	0
155030	29082	6.63533361589e-09	0
155348	653820	6.608302e-11	0
155030	925	1.00999394737e-07	0
156110	940	3.83532123838e-08	0
155971	3558	1.8623421e-09	0
3107	155971	9.853204e-10	0
156110	9648	1.4835515e-09	0
155030	676	5.891584e-08	0
155807	10714	5.4474866e-11	0
3606	156110	1.55307766778e-05	0
155807	3838	1.19945632426e-07	0
155908	2028	2.587234e-09	0
156110	10959	4.73035379756e-08	0
155459	100616444	8.81905659611e-12	0
57026	156110	3.8668238e-09	0
100616444	155459	7.38131777922e-12	0
28910	155971	6.02797e-10	0
155971	6772	5.7798015e-08	0
2187	155971	0.00846937274883	0
155030	4758	6.948878e-10	0
6347	156110	1.6608496e-09	0
6351	155971	3.5994967e-07	0
155971	4738	1.9700565e-08	0
51014	155030	1.489849e-10	0
164668	155459	3.93462129988e-07	0
4360	155971	2.5594908748e-08	0
4790	155807	5.20445151642e-07	0
156110	3107	1.53971724259e-09	0
155030	200316	2.15590878483e-11	0
155945	920	2.61576453153e-06	0
836	155807	1.7796712e-09	0
155030	2028	1.2531238e-07	0
684	156110	1.46522758149e-07	0
8941	155807	2.0781933e-11	0
155971	3565	4.87664558735e-08	0
155030	998	7.790697e-07	0
155807	54205	6.69068e-10	0
11337	156110	4.0584423e-06	0
10959	155348	2.60150769815e-08	0
652070	155971	1.2087006e-09	0
155908	3700	1.5014178e-08	0
155807	841	5.0077317e-11	0
10642	155030	9.38431587993e-09	0
155871	7422	3.56852251082e-08	0
3106	156110	2.87271938748e-06	0
155971	4982	8.86824058632e-10	0
100271694	155908	2.9021994e-13	0
3612	155807	6.17362456712e-08	0
81559	155807	3.52626671085e-06	0
5901	155908	7.429904e-10	0
11168	155908	1.10216971927e-06	0
3384	155971	7.442276e-05	0
155945	3661	3.53521695251e-08	0
26996	155971	1.2266715e-10	0
963	155971	1.54818e-08	0
55690	156110	5.0912945e-09	0
28981	155971	4.5463676e-05	0
10521	155030	2.3324278e-09	0
652070	155459	1.0600064e-08	0
155030	1029	1.55019606041e-08	0
155908	55170	4.6138553e-08	0
156110	926	1.3240847e-08	0
4790	155971	2.2341884e-09	0
155971	2028	1.58844356557e-06	0
155807	5713	5.9510186e-10	0
156110	19	5.3272238e-08	0
100616444	155908	1.0434277e-11	0
155871	5813	6.10158137349e-08	0
156110	5062	3.26924775917e-07	0
4513	155971	1.9915302e-05	0
156110	100313781	8.184341e-06	0
155971	94025	7.057513e-10	0
920	155030	1.77245882393e-06	0
3105	156110	3.8460779006e-10	0
818	155971	5.3339888062e-10	0
155030	30816	7.95349924809e-08	0
155030	6998	4.613054e-08	0
9730	155807	2.92377167366e-06	0
1154	155459	9.806959e-08	0
3574	155030	5.5161303e-10	0
200316	155459	9.76196765645e-08	0
155348	10959	2.42124275074e-08	0
155971	1755	2.5416747e-07	0
155030	10642	4.2322559568e-08	0
653108	155908	1.15120135646e-11	0
156110	1234	8.961593e-10	0
155971	7474	9.08488446028e-07	0
10399	156110	5.92033203572e-08	0
155459	342574	1.4759079e-10	0
155030	1437	8.824356e-10	0
155807	8941	8.579789e-13	0
1392	155030	1.77579503324e-07	0
155908	202559	1.6907058e-12	0
10714	155807	4.42333e-11	0
155030	85363	8.8413294e-08	0
3700	155030	7.441551e-09	0
356	156110	2.7773339184e-11	0
155030	51311	1.00091828159e-07	0
1437	155030	8.824356e-10	0
155908	5901	7.429904e-10	0
155030	947	1.4447935e-10	0
155459	1154	5.8317486e-08	0
79719	155030	1.1001533e-11	0
4843	155971	1.8373532e-07	0
155030	10462	8.13310264802e-07	0
7020	155030	1.66312230654e-09	0
4738	155971	4.333498e-08	0
156110	4481	9.8547205e-11	0
155971	1236	1.3035559e-09	0
56655	155030	1.4081761e-10	0
155030	100129339	3.1152374e-06	0
155030	4734	3.1034602e-07	0
155971	4360	2.75380358516e-08	0
8626	155348	1.76065e-12	0
128866	155030	3.46537093698e-06	0
200316	155030	2.8137825403e-11	0
342574	155459	1.4759079e-10	0
7514	155030	8.7052127e-10	0
155030	60489	1.19838767798e-08	0
6285	156110	2.62665490691e-07	0
925	156110	3.95532042119e-07	0
5886	155807	1.18126450843e-08	0
155971	10714	6.7477420429e-08	0
155807	653820	2.701847e-06	0
155807	9564	7.49690799218e-07	0
3700	155908	1.5014178e-08	0
8453	155459	1.59845596759e-08	0
155807	3091	8.10564496634e-08	0
975	155030	9.67344204739e-10	0
7852	155971	1.22801170258e-05	0
155945	8945	9.01690477839e-09	0
155030	3700	2.8562845e-09	0
155908	6194	6.8104264e-12	0
156110	821	2.9204202e-08	0
30816	155971	3.59116980597e-09	0
155459	7374	6.91418289289e-09	0
155030	387	3.0205678e-07	0
156110	6714	5.888922e-08	0
842	155807	7.248006e-11	0
821	156110	7.2981146e-07	0
10492	155908	8.746336988e-13	0
3456	155030	3.2294103e-09	0
5879	155030	3.07574473557e-07	0
10410	155971	6.6957796e-08	0
30835	155971	2.99700615103e-07	0
27074	155030	2.8082474e-11	0
2	155971	4.3215458e-08	0
155971	3932	2.2223444e-08	0
155459	29110	3.1758624e-10	0
155971	2064	4.05694366989e-11	0
155908	3704	5.63460429426e-08	0
155459	920	1.68368238351e-07	0
155971	5621	1.4300386e-09	0
6194	155908	6.8104264e-12	0
155030	347376	6.61604869134e-06	0
26827	155908	2.6592997e-09	0
7433	155971	6.729035e-07	0
3838	155807	8.814345831e-08	0
2064	155971	3.67954555713e-11	0
155971	7040	2.077991057e-08	0
4314	155030	3.0941956e-07	0
103	155908	2.7128984e-09	0
94025	155971	1.0168713e-09	0
834	155971	1.0398298e-05	0
6774	155971	1.7858675e-08	0
155971	2335	2.4230266e-07	0
51497	155971	1.65428088339e-07	0
156110	920	1.16762531224e-05	0
10714	155971	7.81823694673e-09	0
4261	155030	0.00023363985	0
155971	407007	9.636053e-13	0
155807	9730	2.99647211122e-06	0
155971	8743	2.26831964323e-09	0
801	155971	2.97470759114e-06	0
5058	156110	1.2824119e-06	0
155971	351	4.2934705e-09	0
100	155971	0.0024701064	0
998	155030	1.2108453e-07	0
155908	983	9.2924644e-08	0
155908	3622	5.6414433e-09	0
947	155030	1.4447935e-10	0
7253	156110	1.62653426283e-08	0
155971	2	2.4230742e-10	0
155908	3848	2.8050554e-08	0
155971	3385	1.95162989658e-07	0
3329	155971	3.5450262e-10	0
1128	155945	3.0817955e-09	0
676	155030	1.8822106e-10	0
3458	155908	2.6550801e-11	0
684	155459	2.0821291e-11	0
156110	6774	5.56675480157e-08	0
50863	155971	4.7744912e-08	0
6426	155030	1.0668728e-11	0
155030	3622	4.8859394e-10	0
1803	155971	0.765614288628	1
155030	92421	4.4984045e-08	0
1524	155971	1.8923736e-09	0
156110	5478	1.89225949354e-08	0
155908	5903	6.807621e-12	0
155030	1508	3.60488885898e-05	0
155871	3958	2.40687993536e-07	0
155459	925	7.709478e-14	0
6285	155030	2.53000448369e-08	0
156110	3558	4.58039417506e-08	0
3735	155030	7.02914120909e-07	0
155908	4691	1.32189537094e-09	0
155030	6667	1.39758637219e-07	0
155971	1234	0.000106061886967	0
155459	8835	7.902688e-07	0
155971	652070	1.2087006e-09	0
925	155971	1.44080861686e-08	0
155971	7433	8.676022e-10	0
4758	155030	4.3798805e-09	0
156110	100616444	7.834134e-12	0
5817	156110	3.18189438786e-06	0
155908	10657	5.47408192109e-08	0
155030	1392	1.72510146945e-07	0
155030	3458	1.19743193139e-09	0
7514	155908	5.2275686091e-07	0
155871	1673	1.43942312514e-08	0
1234	156110	1.2687457e-09	0
3932	156110	8.62917058919e-07	0
155945	22914	6.17365059075e-09	0
3565	155030	2.74826827962e-11	0
7124	155971	1.04560698511e-06	0
155971	1524	6.364113e-09	0
100689229	155971	1.4447809e-12	0
155807	3612	5.19994565185e-08	0
155908	1654	2.22339712086e-07	0
24137	155030	1.0079609114e-07	0
4982	155971	1.40667373305e-08	0
155971	1387	1.0348615e-07	0
155945	100616444	3.71777034713e-08	0
653820	155348	5.078352e-11	0
22914	156110	6.17713691309e-09	0
155030	5879	2.26546217785e-07	0
155908	11168	2.03533932408e-06	0
155908	26827	1.0505204e-08	0
728378	155908	3.54508856715e-08	0
155971	973	3.6797918e-08	0
6387	155971	2.42418297658e-08	0
155030	1234	2.230603e-09	0
1489	155030	1.9716541e-08	0
2028	155971	2.44305363029e-06	0
155348	8626	1.76065e-12	0
6347	155971	9.59677512014e-07	0
155971	3569	3.89789311939e-10	0
155030	128866	1.24647507571e-06	0
155030	56655	1.6944621e-10	0
155030	7514	6.252192e-10	0
8743	155971	3.40757480011e-08	0
155030	3574	2.8123464e-08	0
3622	155030	7.15709e-11	0
1654	155908	1.62107972934e-07	0
2335	155971	2.4230266e-07	0
5813	155871	1.90881379591e-08	0
834	155030	0.000144415331567	0
3725	155807	4.76654010706e-07	0
54732	155030	1.94465205827e-07	0
6774	156110	5.56675480157e-08	0
