E1	E2	Probability	Label
155459	60489	1.0	1
202559	155908	0.31225705	0
302	155030	0.46762493663659654	0
3107	156110	0.8575486260255596	0
3458	156110	0.013241898	0
155030	4261	0.00026725876	0
4594	156110	1.8148352e-08	0
4734	155030	8.49222e-06	0
3576	155971	3.6998077e-07	0
155908	1653	0.9971910492221532	0
155030	5594	0.04512773264796999	0
155971	3576	0.010142047	1
155459	6921	0.9821340049676882	0
155971	1272	0.0036839445	0
155908	7514	0.6836769211848157	0
1673	155871	7.063842305088386e-06	0
155971	26996	0.0018104411	0
156110	356	0.223254983752452	0
155459	8065	0.9999476255211829	0
3958	155871	0.7787770084285727	0
6714	156110	0.0010174279	0
156110	3458	0.013241898	1
100187828	155871	1.1792052e-05	0
155945	684	1.0	1
155030	51014	1.6531305e-14	0
156110	1493	0.013464222992926045	1
10462	155030	0.023185998591829238	0
3836	155807	0.01935092812260264	0
1508	155030	0.3069473341644332	0
10959	155030	0.9891685425174319	0
684	155971	0.0048578507	0
917	156110	0.009325419	0
3661	155945	0.28986511509318935	0
155971	6347	0.9974432629262848	1
155030	4314	0.0013836774	0
156110	6347	0.04577011	1
19	155971	6.531355e-06	0
155971	115362	0.998928024080648	0
7852	156110	0.0008122293511166889	0
155971	6351	0.035796326	1
6998	155971	0.058931686	0
155030	100862696	0.3406358247643272	0
2028	155908	0.00014567243	0
155807	4790	0.05359575176218656	1
347376	155030	0.9984346780565022	0
3502	155971	3.2582068481334936e-05	0
60489	155459	0.9999999235805981	0
100616444	155030	0.6134174188046261	0
155030	10015	0.21976087019066692	0
54106	155971	0.0027298746	0
155030	148362	1.9281438e-06	0
156110	7124	0.3795924699692126	1
100689229	155030	0.0011746752564095742	0
155030	100689229	0.0010975126650071276	0
155030	27074	6.082087e-06	0
155030	10521	0.005360059	0
155030	100616444	0.9996525514573342	0
1387	155971	1.9856021e-05	0
155945	5817	0.9270468350538448	1
6285	155908	0.727390840930854	0
155971	801	0.999999999764812	0
310	155030	1.0279705e-05	0
1493	156110	0.0014879104657945508	0
155971	28910	0.5569926	0
155971	3586	0.00012044458713189599	1
6596	155807	0.991824319375088	0
155971	4153	1.1530458e-06	0
3732	155030	2.6718521e-06	0
155971	974	0.0043234173	1
861	155459	0.15471826179174875	0
156110	238	0.98486656	0
1421	155030	0.00030076914	0
156110	3106	0.9523984600401885	1
155971	3502	0.02586179771999786	0
156110	5599	0.005013742	1
79966	155971	0.0030384087	0
155971	6387	0.9996817914099474	1
155807	3916	0.9999913	1
653820	155807	7.670597e-05	0
156110	256987	0.9999054784491366	1
821	155971	0.0015465161998867716	0
155971	4780	0.9398574221142199	0
155030	684	0.00016906284	0
155030	1629	0.001849570397813305	0
155030	3565	0.000884000323537526	1
8835	155459	0.0025716226	0
155348	8941	1.1703858e-05	0
155807	5886	0.31467395519508723	1
1109	155971	9.55813e-07	0
5621	155971	0.043333173	0
1669	155971	0.046731426571344326	1
155971	51497	5.678524984764621e-05	0
155971	10226	0.11027193105210031	0
2720	155971	0.25155786	0
19	156110	0.0033052452	0
5594	155030	0.137933771944573	0
6402	155030	0.0007752998	0
155807	3725	0.989770834385969	0
728378	155030	0.028650274223244176	0
155971	834	0.97917956	0
156110	684	0.9999976031596514	1
347376	155807	2.4923887e-09	0
27067	155908	0.9530054642404118	0
865	155459	0.9997451714078723	1
155971	2745	0.14319050363033858	0
3558	155971	0.0056008585	0
155807	836	0.21594669	0
22914	155945	0.21798265885845214	0
156110	925	0.4428533396928781	1
256987	156110	0.9802430735062617	0
920	155971	0.9999999999993163	0
155459	865	0.9999799200344918	0
347376	155971	0.016116274720385126	0
155971	28299	0.9999999998617843	0
155971	2187	0.9999983566445065	0
10714	155348	0.085805304	0
155030	3735	0.7818224680173258	0
156110	7253	0.11061812167485074	0
156110	60489	0.028977112349626633	0
5478	155030	0.9999669527202021	1
973	155971	0.00047550746	0
155971	30816	0.011611439635484722	0
6737	155030	0.08164316	0
5478	156110	0.41007480953511444	0
156110	5817	0.1467891568723826	1
3178	155971	0.0769112	0
1029	155030	0.8880109919206052	0
155971	4843	4.1334445e-07	0
925	155459	3.4670347e-06	0
155971	5122	0.3373545192920737	0
155971	51311	0.13783468	0
54205	155807	1.1709203e-17	0
6772	155971	1.0266617e-05	0
653820	155971	3.1582071069458095e-08	0
155971	19	0.7219779	0
148362	155030	0.9931885	0
155971	10959	0.5749577856024579	0
155971	10410	9.55196e-05	0
25939	155807	0.001529112174949887	0
7020	155971	0.00028095543639350407	0
155030	6737	0.11017609	0
4869	155908	0.4098935350488552	0
5713	155807	6.535255e-05	0
156110	4594	5.0882463e-09	0
3777	155945	0.03590889403858555	0
155908	653108	0.00015447562144577098	0
155971	4790	0.26089478	1
156110	6285	0.9999990771518568	0
155030	4320	1.0877573e-07	0
155908	6285	0.7389880379081526	0
155971	54106	0.98618186	1
155908	100271694	2.3441484e-09	0
100862696	155030	0.09051917635591988	0
155030	1421	0.0009425586	0
3267	155908	0.036519494	0
155908	10492	0.0019853393569962963	0
155030	8941	6.4309774e-10	0
155807	25939	1.0	0
2332	155908	0.8690247509138583	0
8065	155459	0.99998780861015	1
155807	842	0.0072391727	0
155348	10714	0.115710914	0
6426	155971	1.168706355147986e-05	0
3385	155971	0.999967542493957	0
155807	10980	0.11481803	0
155030	10959	0.38897222084998817	0
155945	1128	0.20084919	0
155459	200316	0.9999999999999034	1
5901	155030	0.39136317	1
155971	3700	0.6012714709320218	0
6998	155030	0.000396954	0
3106	155030	0.0890625371920939	0
8941	155348	3.3637253e-11	0
3840	155807	0.002895464823506	0
155030	7251	0.14800066597204642	0
684	155945	0.9999839699162502	0
30816	155945	0.0017038239728384141	0
3700	155971	0.7855380763058153	0
155908	4869	0.003899941950420538	0
3135	156110	0.00010250752127927143	0
3603	155971	0.004667789	0
100616444	155945	0.0004016329078451175	0
7432	155971	1.1499841e-06	1
6693	155971	0.6243617003019286	0
155908	3267	2.1540174e-05	0
155971	4513	0.9341733	0
156110	11337	0.00028116527	1
156110	1435	0.999983767661695	0
155971	1109	2.0302917e-07	0
156110	2736	0.7832356784828061	0
155971	80279	0.19230961773481137	0
920	155459	0.0004985778813155761	0
155030	1489	0.694022	0
9733	155871	0.964245135538612	0
155971	347376	0.016116274720385126	0
6348	155971	0.9050835053980347	0
940	156110	0.028594059263756466	0
155030	5478	0.923973544342313	0
920	156110	0.9990815607273553	0
5062	156110	0.19538958308525933	0
155348	10075	0.011874545186647545	0
155971	5933	0.97730565	0
10980	155807	0.11481803	0
2745	155971	0.4322158418486335	0
23547	156110	0.5660028485237818	0
5122	155971	0.9999999964144609	0
155971	6998	0.057602197	0
155030	7329	0.0044223866	0
156110	55690	0.3061988	0
155030	975	0.9985970031826074	0
155971	5599	0.999624388016338	1
51311	155971	0.033578712	0
155030	286	0.07207629436563212	0
6402	155971	0.10430521666684545	0
156110	3932	0.9999993060512816	1
10015	155030	0.5541268680853613	1
387	155030	0.014275377	1
155807	55540	0.21322269012069694	0
155971	3384	0.8806686	0
155807	81559	0.2465511759952026	0
5933	155971	1.261932e-10	0
155807	347376	1.6325387e-07	0
904	155871	0.5430526672220608	1
155971	30835	0.9984997224300867	1
3622	155908	7.0140177e-06	0
156110	7852	0.9999973049937565	1
920	155945	0.9999999866189218	0
10075	155348	0.027680979298357222	0
155807	6596	0.9999999991758346	1
155807	10959	0.15152295	0
1392	155971	4.4701247e-07	0
23241	156110	8.0227686e-10	0
7422	155871	1.3704422532900828e-05	0
1629	155030	1.2968310012850814e-05	0
155348	51014	8.897111e-06	0
156110	7020	0.02826780748890123	0
3704	155908	3.912512246295741e-06	0
155030	79719	0.019454045	0
1272	155971	0.0036839445	0
925	155030	0.9316433811593046	0
29110	156110	0.00010340946035969356	0
155030	920	0.876711067184901	0
155908	3458	3.5511388e-05	0
972	155945	0.15156785115456295	0
155807	3735	0.47679189204677885	1
156110	917	0.009325419	1
115362	155971	0.01712147490275917	0
4481	156110	9.6935074e-14	0
155030	6402	2.7778278e-06	0
3458	155971	0.019067404448169678	0
155908	2332	0.7230667119447822	0
1653	155908	0.9745874849145635	0
5599	156110	2.5220097e-12	0
7251	155030	0.40605103128810016	0
155971	79966	0.0030384087	0
155971	3458	0.3472171895203614	1
155908	100616444	1.567755e-14	0
6285	155945	0.3547324	0
155030	310	3.1399937e-05	0
155030	3106	0.03889203079891701	0
100129339	155030	0.00010202193	0
7474	155971	0.7801234323106503	0
155908	103	9.532315e-07	0
238	156110	3.3360206e-07	0
2736	156110	0.19069853130462244	0
155971	3107	0.9973361	0
10226	155971	0.5360586787440224	0
155030	81030	7.44961190078941e-05	0
155871	904	0.5434046713842643	0
84268	155908	0.05539225210021692	0
2028	155030	0.9176198	0
55540	155807	0.21322269012069694	0
286	155030	0.056608084419134896	0
3848	155908	0.027451772	0
3932	155971	0.07498764	0
54472	155971	7.519936e-07	0
1056	155971	0.0110007385	1
1435	156110	0.00019733626171425378	0
156110	2534	0.9041767330146178	0
7329	155030	3.1828615e-05	0
983	155908	0.7579614	0
4780	155971	1.0291767438275201e-13	0
51014	155348	8.897111e-06	0
7374	155459	0.06828772005721362	0
155030	5901	2.2291342e-06	0
155030	7020	0.29393701080381684	0
155971	925	0.9999996326588946	1
10657	155908	0.6906565122072519	1
5599	155971	0.18552901678224554	0
155971	3178	2.6702632e-05	0
156110	23547	0.5662188217157025	0
155030	6285	0.32217390825612746	0
156110	3606	0.76172928006481	1
155971	684	0.021830134	0
80279	155971	2.4424906541753444e-15	0
155971	50863	0.98175275	0
155030	3456	0.28237844	0
6921	155459	0.16776884586294616	0
9648	156110	7.0084957e-07	0
155971	7124	0.999753682446074	1
28299	155971	0.16380794890412165	0
1236	155971	0.7752611	0
4691	155908	0.013539553758206035	0
155971	7852	1.0	1
48	155908	0.022371227445429187	0
155971	963	5.7089636e-07	0
92421	155030	1.5611672e-09	1
5817	155945	0.252889957362734	0
155971	28981	0.9719212	0
155971	1392	0.0024044502	0
155030	24137	0.020385221012877985	0
155971	6890	0.04272572368170191	0
155459	861	0.4523163449959021	1
6890	155971	5.476801710380119e-05	0
10959	155971	0.22817952478239034	0
155030	302	0.11470780172606465	0
155871	100187828	0.98818856	0
4153	155971	0.9986754	0
3055	156110	0.9974440688550853	0
1984	155908	0.4236279791472872	0
3558	156110	0.016788340502470023	0
30816	155908	5.947384213111917e-06	0
156110	23241	0.8437785	0
10673	155971	0.0007036294	0
155908	48	0.29053096266684075	0
155971	6693	0.999889687880375	1
155971	6426	0.00011427630933757982	0
155030	54732	0.0007593384320200292	0
155030	54539	0.013991113114714682	0
155945	972	0.2878624939700932	0
100616444	155971	3.6556667879605875e-05	0
155807	3836	0.01736234054125063	0
155971	7020	0.354360360426313	0
155971	5045	0.970136862586427	1
155971	54472	0.71122384	0
8945	155945	0.9998442563178558	0
407007	155971	2.422879e-06	0
155971	6774	0.00097086874	1
4320	155030	1.2426085e-07	0
5524	155030	4.2616588e-13	0
155971	3329	3.425423e-07	0
155971	100689229	0.0026709118	0
51311	155030	3.4427272305181944e-06	0
841	155807	0.014297658	0
85363	155030	1.8569892e-05	1
2534	156110	2.1739687383615092e-08	0
155971	1232	0.089578114	0
155908	30816	0.0009803887378069254	0
155971	10673	0.0007036294	0
3916	155807	0.049500734	0
100313781	156110	5.7628837e-05	0
5045	155971	0.9999755697819057	0
156110	3105	0.999969840002618	1
155971	818	0.9935506322884	0
7020	156110	0.18624279883632533	0
25939	155459	0.005896265	0
29082	155030	0.0816597177253302	1
5903	155908	2.3122669e-11	0
1234	155030	6.2368534e-05	0
155945	6285	0.3547324	0
974	155971	0.0043234173	0
155030	6426	0.04073928	0
155971	100616444	4.271863569260681e-05	0
155971	653820	0.003643123811584381	0
3565	155971	0.8013153557075956	0
1755	155971	0.0053062197	1
6667	155030	0.704582925332637	0
155459	10959	8.953484e-05	0
155971	2720	0.3057754	0
155971	920	1.0	1
155459	684	0.0051968866	0
155971	6348	0.9050835053980347	1
155971	1056	0.0050268443	0
155945	3777	0.9074829789880046	0
155908	84268	6.560354626206077e-07	0
3735	155807	0.24012292026582904	0
10959	155807	0.28237844	0
155945	4738	0.07964027775939497	0
9564	155807	0.6979822549177919	0
156110	3135	0.31557199927697344	1
60489	155030	0.22036527939751582	1
3586	155971	0.00012044458713189599	0
10656	155908	0.05640626	0
155971	7432	0.8519517	0
3458	155030	0.02363303263594274	0
155030	834	0.2681436179119262	0
155971	821	0.7889727304810671	0
155971	1803	0.9999999895032737	1
81030	155030	0.009543813612240215	0
155971	6402	0.00020972819135700593	1
155030	653820	0.0008674414586755663	0
155908	728378	0.9932322859318098	0
55170	155908	0.00023518965	0
351	155971	0.06165374	0
4738	155945	0.22266067957949354	0
155945	30816	0.03977687172493238	0
155971	1669	0.04848279009299328	0
155030	3732	0.061173648	0
156110	29110	0.8445903669343495	0
155908	27067	0.5308287850820896	0
1234	155971	0.9999999999999956	0
156110	3055	0.9999839876963107	1
54539	155030	0.014038254285562157	0
155459	164668	0.9999999886867517	1
7124	156110	0.15849942278924978	0
155908	1984	0.36236794643104386	0
155459	652070	0.0029334284	0
156110	5058	0.010348927	1
155807	3840	0.6151131098102538	0
8941	155030	3.0673158e-07	0
155871	9733	0.014465385838530631	0
1232	155971	0.003413825	0
100616444	156110	0.00010167122	0
155908	10656	0.0034000794	0
155459	8453	0.16304414007769807	0
10959	156110	0.0003497583036367047	0
155459	25939	0.0051968866	0
156110	57026	0.0146186855	0
3569	155971	0.0011704609007245903	0
653820	155030	0.001221704050227812	0
155030	728378	0.5495369402789783	0
926	156110	4.4842827e-10	0
7040	155971	0.5943490971398879	0
60489	156110	0.028977112349626633	0
29110	155459	0.00016915152	0
10959	155459	5.17621e-07	0
155030	5524	0.0001582573	0
156110	22914	0.866269445772652	1
155971	100	0.7961829	1
156110	10399	0.9775978641033	0
155971	3603	8.67995e-05	0
684	155030	0.13622814	1
30816	155030	0.6919630963070248	0
3091	155807	0.8725941613478072	0
155030	29082	0.9963818881877141	0
155348	653820	1.2972889e-05	0
155030	925	0.9999999999997734	0
156110	940	0.9999899343881605	1
155971	3558	0.011320199	1
3107	155971	2.2373907e-09	0
156110	9648	0.0073812725	0
155030	676	0.0002382251	0
155807	10714	3.5721196e-06	0
3606	156110	0.00016609325137939557	0
155807	3838	0.002627815912125131	0
155908	2028	1.3496455e-07	0
156110	10959	0.00428007385263951	0
155459	100616444	0.0006884579014536651	0
57026	156110	0.0146186855	0
100616444	155459	0.04436493848571588	0
28910	155971	0.0005768709	0
155971	6772	1.3066857e-08	0
2187	155971	0.6839164417379733	0
155030	4758	5.9868744e-05	0
6347	156110	8.9129106e-05	0
6351	155971	1.3361983e-09	0
155971	4738	2.4228746e-06	0
51014	155030	1.4270718e-05	0
164668	155459	0.9999999850992577	0
4360	155971	0.06505778922377903	0
4790	155807	7.686328878286908e-05	0
156110	3107	0.9257926831133529	1
155030	200316	0.45944760282804187	0
155945	920	1.0	1
836	155807	0.43315506	0
155030	2028	0.00060442387	0
684	156110	0.999837033840655	0
8941	155807	8.4604616e-13	0
155971	3565	0.10028336841646956	1
155030	998	0.014606441	0
155807	54205	3.0510228e-05	0
11337	156110	1.5351063e-05	0
10959	155348	0.06903872656658205	0
652070	155971	0.0033415633	0
155908	3700	1.5039421e-07	0
155807	841	7.631192e-05	0
10642	155030	0.3697356083822406	1
155871	7422	0.9999812507208549	1
3106	156110	0.2220988089809608	0
155971	4982	0.9259580093016803	0
100271694	155908	1.9602663e-15	0
3612	155807	0.991371229699719	0
81559	155807	0.1640487658847859	0
5901	155908	0.045297507	0
11168	155908	0.34325212012541995	0
3384	155971	8.1836635e-07	0
155945	3661	1.0	0
26996	155971	0.00017302713	0
963	155971	0.008501603	0
55690	156110	5.950624e-09	0
28981	155971	2.860901e-10	0
10521	155030	0.16385826	1
652070	155459	2.36905e-06	0
155030	1029	0.006923891693507933	0
155908	55170	0.00071010506	0
156110	926	1.0343648e-06	1
4790	155971	0.010294208	0
155971	2028	0.75702760685835	0
155807	5713	0.74189067	0
156110	19	1.9407944e-05	1
100616444	155908	6.7200834e-10	0
155871	5813	0.47768336297980807	1
156110	5062	0.9874771394214185	0
4513	155971	8.9208935e-12	0
156110	100313781	0.0059770346	0
155971	94025	0.98237866	0
920	155030	0.44817028388172153	0
3105	156110	0.030427556228229014	0
818	155971	0.5383889208106498	0
155030	30816	0.5849382272566137	0
155030	6998	2.88292e-05	0
9730	155807	0.21820087191352633	0
1154	155459	0.017614642	0
3574	155030	0.13098994	0
200316	155459	0.9997243528785179	0
155348	10959	0.2770038110522183	0
155971	1755	0.009848499	0
155030	10642	0.46058844750950834	0
653108	155908	4.264136066689517e-06	0
156110	1234	6.354758e-05	1
155971	7474	0.99540064117707	0
10399	156110	0.20003566246894577	0
155459	342574	0.2773468	0
155030	1437	0.0001771945	0
155807	8941	4.4188846e-07	0
1392	155030	0.0011606953119120966	0
155908	202559	0.0056301053	0
10714	155807	5.5492477e-09	0
155030	85363	0.00016381094	0
3700	155030	5.719235e-08	0
356	156110	0.08160396232402423	0
155030	51311	0.03332172436902803	0
1437	155030	0.0001771945	0
155908	5901	0.045297507	0
155030	947	8.2098813e-07	0
155459	1154	0.26766485	0
79719	155030	1.8773326e-05	0
4843	155971	0.5358464	0
155030	10462	0.0004839675623381501	0
7020	155030	0.29393693856964087	0
4738	155971	1.9966442e-10	0
156110	4481	4.0384028e-05	0
155971	1236	0.7752611	1
56655	155030	5.673527e-08	0
155030	100129339	6.336928e-07	0
155030	4734	0.0108395945	0
155971	4360	0.9997947539362172	1
8626	155348	0.0007599856	0
128866	155030	0.00832236406646647	1
200316	155030	0.6972175020133253	0
342574	155459	0.2773468	0
7514	155030	0.39136317	0
155030	60489	0.2708443458833949	0
6285	156110	0.17762806688348476	0
925	156110	1.913100488992736e-05	0
5886	155807	0.9112887775950953	0
155971	10714	0.0076268213624534065	0
155807	653820	6.392533e-05	0
155807	9564	0.9114815674416847	0
3700	155908	1.5039421e-07	0
8453	155459	0.16298990808346336	0
155807	3091	0.9917144108657785	0
975	155030	2.700350620998826e-05	0
7852	155971	0.9994421891267905	0
155945	8945	0.1958115139087755	1
155030	3700	5.755529e-10	0
155908	6194	0.00075573433	0
156110	821	0.003696713	0
30816	155971	0.011604305763737499	0
155459	7374	0.0038240531622163454	0
155030	387	0.0054468433	0
156110	6714	0.8077112	0
842	155807	0.008436097	0
821	156110	3.9940637e-08	0
10492	155908	0.0010426314671713177	0
3456	155030	0.15152295	1
5879	155030	0.3156940198237572	0
10410	155971	9.55196e-05	1
30835	155971	0.9461811977224821	0
27074	155030	5.1239336e-08	0
2	155971	0.00718518	0
155971	3932	0.07498764	1
155459	29110	0.00016915152	0
155971	2064	0.16423176959473196	0
155908	3704	0.40030649029371	1
155459	920	0.0007732967933050672	0
155971	5621	0.0010137449	0
6194	155908	0.00075573433	0
155030	347376	0.03545129828728999	0
26827	155908	2.1392087e-05	0
7433	155971	3.988863e-06	0
3838	155807	0.00415638748866376	0
2064	155971	4.165652162646527e-05	0
155971	7040	0.9999997359206697	0
4314	155030	0.0024541765	0
103	155908	9.532315e-07	0
94025	155971	0.032187272	0
834	155971	8.7903057e-10	0
6774	155971	0.00094870717	0
155971	2335	0.2201024	0
51497	155971	2.406985291891761e-05	0
156110	920	1.0	1
10714	155971	5.257229314103995e-07	0
4261	155030	0.024527537	0
155971	407007	1.10318705e-08	0
155807	9730	0.818884052762596	0
155971	8743	0.14113607138918438	0
801	155971	2.615531033645091e-06	1
5058	156110	6.2869236e-05	0
155971	351	0.10331448	1
100	155971	2.1305152e-05	0
998	155030	0.0003532336	0
155908	983	0.0016665292	0
155908	3622	0.0022694124	0
947	155030	8.2098813e-07	0
7253	156110	0.4716020798888042	0
155971	2	0.88384104	1
155908	3848	0.03714597	0
155971	3385	0.9968593760537091	0
3329	155971	0.00043446274	0
1128	155945	0.20084919	0
676	155030	1.279761e-08	0
3458	155908	2.366884e-11	0
684	155459	0.005896265	0
156110	6774	0.0048827404799169916	0
50863	155971	3.3100803e-10	0
6426	155030	0.0002422192	0
155030	3622	0.018308595	0
1803	155971	0.013337029233173259	0
155030	92421	1.2066165e-05	0
1524	155971	7.129612e-07	1
156110	5478	0.020496482538211902	1
155908	5903	0.0007328891	0
155030	1508	0.0990086317791995	0
155871	3958	0.05931914100196256	0
155459	925	0.074269176	0
6285	155030	0.16351458030004862	0
156110	3558	0.478499816120032	1
3735	155030	0.9999854735505657	0
155908	4691	0.0027781161759701245	0
155030	6667	0.958327926708929	0
155971	1234	1.0	1
155459	8835	0.009822781	0
155971	652070	0.0033415633	0
925	155971	0.24611858187658053	0
155971	7433	0.8930513	0
4758	155030	0.0003678653	0
156110	100616444	1.858814e-05	0
5817	156110	0.16503195288385775	0
155908	10657	0.03236230728338596	0
155030	1392	0.01805138792140981	0
155030	3458	0.03272488343098712	1
7514	155908	0.7854533409559661	1
155871	1673	0.9999999996511211	0
1234	156110	0.010687414	0
3932	156110	0.9984313645219592	0
155945	22914	0.991494245895075	1
3565	155030	0.033262988842259755	0
7124	155971	3.462953368504884e-09	0
155971	1524	0.9765669	0
100689229	155971	0.0026709118	0
155807	3612	0.9907805310901224	0
155908	1654	0.9271757306033863	0
24137	155030	0.5073989817274973	0
4982	155971	0.0010654845037537664	0
155971	1387	0.22203757	0
155945	100616444	3.933397546929118e-05	0
653820	155348	6.119841e-05	0
22914	156110	0.0006414299753298991	0
155030	5879	0.5373777627334146	0
155908	11168	0.28708018842786254	0
155908	26827	5.837463e-06	0
728378	155908	0.026864335269550232	0
155971	973	0.00029767482	0
6387	155971	0.9992304287930021	0
155030	1234	6.2368534e-05	1
1489	155030	6.979348e-07	0
2028	155971	0.021250028417248656	0
155348	8626	0.0007599856	0
6347	155971	4.160187093926737e-06	0
155971	3569	5.106245088648542e-06	1
155030	128866	5.3877946550096034e-05	0
155030	56655	9.85898e-07	0
155030	7514	2.2291342e-06	0
8743	155971	0.2230017532358115	0
155030	3574	0.00013906909	0
3622	155030	7.746161e-05	0
1654	155908	0.0002435878807832692	1
2335	155971	0.2201024	0
5813	155871	0.0009378722589437061	0
834	155030	0.058901079900320674	0
3725	155807	0.00025717139147207746	0
54732	155030	0.035890155853610994	0
6774	156110	0.0048827404799169916	0
