E1	E2	Probability	Label
155459	60489	1.0	1
202559	155908	0.31225705	0
302	155030	0.448506475976	0
3107	156110	0.824815244756	0
3458	156110	0.013241898	0
155030	4261	0.00026725876	0
4594	156110	1.8148352e-08	0
4734	155030	8.49222e-06	0
3576	155971	3.6998077e-07	0
155908	1653	0.992097913354	0
155030	5594	0.036422698495	0
155971	3576	0.010142047	1
155459	6921	0.978665608081	0
155971	1272	0.0036839445	0
155908	7514	0.66980986333	0
1673	155871	6.18858433377e-06	0
155971	26996	0.0018104411	0
156110	356	0.200189339547	0
155459	8065	0.999882448294	0
3958	155871	0.751112931541	0
6714	156110	0.0010174279	0
156110	3458	0.013241898	1
100187828	155871	1.1792052e-05	0
155945	684	1.0	1
155030	51014	1.6531305e-14	0
156110	1493	0.00859523145605	1
10462	155030	0.0152358406321	0
3836	155807	0.0096320148726	0
1508	155030	0.261281280834	0
10959	155030	0.987726656656	0
684	155971	0.0048578507	0
917	156110	0.009325419	0
3661	155945	0.283363690517	0
155971	6347	0.996423672428	1
155030	4314	0.0013836774	0
156110	6347	0.04577011	1
19	155971	6.531355e-06	0
155971	115362	0.996850736809	0
7852	156110	0.000630134943434	0
155971	6351	0.035796326	1
6998	155971	0.058931686	0
155030	100862696	0.278221104097	0
2028	155908	0.00014567243	0
155807	4790	0.0508834795248	1
347376	155030	0.995593524425	0
3502	155971	2.96784862066e-05	0
60489	155459	0.999999793067	0
100616444	155030	0.571759077849	0
155030	10015	0.202586707193	0
54106	155971	0.0027298746	0
155030	148362	1.9281438e-06	0
156110	7124	0.369829115792	1
100689229	155030	0.000913968719385	0
155030	100689229	0.000946600669149	0
155030	27074	6.082087e-06	0
155030	10521	0.005360059	0
155030	100616444	0.999056693453	0
1387	155971	1.9856021e-05	0
155945	5817	0.920658540446	1
6285	155908	0.717986616754	0
155971	801	0.999999619793	0
310	155030	1.0279705e-05	0
1493	156110	0.000780193994653	0
155971	28910	0.5569926	0
155971	3586	0.000103261990895	1
6596	155807	0.979504729362	0
155971	4153	1.1530458e-06	0
3732	155030	2.6718521e-06	0
155971	974	0.0043234173	1
861	155459	0.143516669749	0
156110	238	0.98486656	0
1421	155030	0.00030076914	0
156110	3106	0.93083620817	1
155971	3502	0.0258069932729	0
156110	5599	0.005013742	1
79966	155971	0.0030384087	0
155971	6387	0.993213993792	1
155807	3916	0.9999913	1
653820	155807	7.670597e-05	0
156110	256987	0.99968176372	1
821	155971	0.00125683237018	0
155971	4780	0.827283891629	0
155030	684	0.00016906284	0
155030	1629	0.00109707551731	0
155030	3565	0.000782204777865	1
8835	155459	0.0025716226	0
155348	8941	1.1703858e-05	0
155807	5886	0.30478388453	1
1109	155971	9.55813e-07	0
5621	155971	0.043333173	0
1669	155971	0.029685113324	1
155971	51497	4.59363432185e-05	0
155971	10226	0.108205791984	0
2720	155971	0.25155786	0
19	156110	0.0033052452	0
5594	155030	0.114738483534	0
6402	155030	0.0007752998	0
155807	3725	0.972534345749	0
728378	155030	0.0199965216806	0
155971	834	0.97917956	0
156110	684	0.999987625231	1
347376	155807	2.4923887e-09	0
27067	155908	0.898646826275	0
865	155459	0.999598722438	1
155971	2745	0.124499026385	0
3558	155971	0.0056008585	0
155807	836	0.21594669	0
22914	155945	0.195291624059	0
156110	925	0.409698964734	1
256987	156110	0.950923380399	0
920	155971	0.999999999996	0
155459	865	0.999959352445	0
347376	155971	0.0155728304052	0
155971	28299	0.999990626512	0
155971	2187	0.999978666911	0
10714	155348	0.085805304	0
155030	3735	0.735032336726	0
156110	7253	0.0842445338973	0
156110	60489	0.0188698193872	0
5478	155030	0.999911552051	1
973	155971	0.00047550746	0
155971	30816	0.0113645003796	0
6737	155030	0.08164316	0
5478	156110	0.3583345457	0
156110	5817	0.113545569288	1
3178	155971	0.0769112	0
1029	155030	0.853775465524	0
155971	4843	4.1334445e-07	0
925	155459	3.4670347e-06	0
155971	5122	0.195709347642	0
155971	51311	0.13783468	0
54205	155807	1.1709203e-17	0
6772	155971	1.0266617e-05	0
653820	155971	2.70654496592e-08	0
155971	19	0.7219779	0
148362	155030	0.9931885	0
155971	10959	0.516508689845	0
155971	10410	9.55196e-05	0
25939	155807	0.0012727023709	0
7020	155971	0.000236746859406	0
155030	6737	0.11017609	0
4869	155908	0.395364788445	0
5713	155807	6.535255e-05	0
156110	4594	5.0882463e-09	0
3777	155945	0.0341776619949	0
155908	653108	6.62541231747e-05	0
155971	4790	0.26089478	1
156110	6285	0.999995930676	0
155030	4320	1.0877573e-07	0
155908	6285	0.728177225366	0
155971	54106	0.98618186	1
155908	100271694	2.3441484e-09	0
100862696	155030	0.0666060723025	0
155030	1421	0.0009425586	0
3267	155908	0.036519494	0
155908	10492	0.00116253414403	0
155030	8941	6.4309774e-10	0
155807	25939	1.0	0
2332	155908	0.834135427957	0
8065	155459	0.999956816925	1
155807	842	0.0072391727	0
155348	10714	0.115710914	0
6426	155971	4.94873814227e-06	0
3385	155971	0.999686929212	0
155807	10980	0.11481803	0
155030	10959	0.367481134608	0
155945	1128	0.20084919	0
155459	200316	0.999999997076	1
5901	155030	0.39136317	1
155971	3700	0.582059236264	0
6998	155030	0.000396954	0
3106	155030	0.0872738636633	0
8941	155348	3.3637253e-11	0
3840	155807	0.00118662145608	0
155030	7251	0.126767136823	0
684	155945	0.999912234161	0
30816	155945	0.00127111970284	0
3700	155971	0.763782428951	0
155908	4869	0.00337355042947	0
3135	156110	2.87215790064e-05	0
3603	155971	0.004667789	0
100616444	155945	0.000183143364904	0
7432	155971	1.1499841e-06	1
6693	155971	0.559637088847	0
155908	3267	2.1540174e-05	0
155971	4513	0.9341733	0
156110	11337	0.00028116527	1
156110	1435	0.987967858347	0
155971	1109	2.0302917e-07	0
156110	2736	0.683543360038	0
155971	80279	0.105002701293	0
920	155459	0.000432418607902	0
155030	1489	0.694022	0
9733	155871	0.952149039125	0
155971	347376	0.0155728304052	0
6348	155971	0.880451099629	0
940	156110	0.0250725625504	0
155030	5478	0.917766608879	0
920	156110	0.997909604874	0
5062	156110	0.183414632724	0
155348	10075	0.0109540401662	0
155971	5933	0.97730565	0
10980	155807	0.11481803	0
2745	155971	0.38415638408	0
23547	156110	0.449187533932	0
5122	155971	0.999813141683	0
155971	6998	0.057602197	0
155030	7329	0.0044223866	0
156110	55690	0.3061988	0
155030	975	0.997073876474	0
155971	5599	0.961447463741	1
51311	155971	0.033578712	0
155030	286	0.0593433215225	0
6402	155971	0.0926929434532	0
156110	3932	0.999988508509	1
10015	155030	0.484630101717	1
387	155030	0.014275377	1
155807	55540	0.21085177932	0
155971	3384	0.8806686	0
155807	81559	0.208822014537	0
5933	155971	1.261932e-10	0
155807	347376	1.6325387e-07	0
904	155871	0.524639940909	1
155971	30835	0.998111836767	1
3622	155908	7.0140177e-06	0
156110	7852	0.999923700442	1
920	155945	0.999999695721	0
10075	155348	0.0260257339583	0
155807	6596	0.999978945761	1
155807	10959	0.15152295	0
1392	155971	4.4701247e-07	0
23241	156110	8.0227686e-10	0
7422	155871	1.29463744021e-05	0
1629	155030	7.63827489869e-06	0
155348	51014	8.897111e-06	0
156110	7020	0.0242653736331	0
3704	155908	3.2582475572e-06	0
155030	79719	0.019454045	0
1272	155971	0.0036839445	0
925	155030	0.92518200014	0
29110	156110	9.34395763085e-05	0
155030	920	0.8330555287	0
155908	3458	3.5511388e-05	0
972	155945	0.142843399982	0
155807	3735	0.464540161017	1
156110	917	0.009325419	1
115362	155971	0.0158133569136	0
4481	156110	9.6935074e-14	0
155030	6402	2.7778278e-06	0
3458	155971	0.0182092502268	0
155908	2332	0.678439788718	0
1653	155908	0.969550567634	0
5599	156110	2.5220097e-12	0
7251	155030	0.383670071347	0
155971	79966	0.0030384087	0
155971	3458	0.308419530954	1
155908	100616444	1.567755e-14	0
6285	155945	0.3547324	0
155030	310	3.1399937e-05	0
155030	3106	0.0371540793935	0
100129339	155030	0.00010202193	0
7474	155971	0.435248976485	0
155908	103	9.532315e-07	0
238	156110	3.3360206e-07	0
2736	156110	0.168675945857	0
155971	3107	0.9973361	0
10226	155971	0.524216662736	0
155030	81030	4.39099143229e-05	0
155871	904	0.533137628738	0
84268	155908	0.0529027758741	0
2028	155030	0.9176198	0
55540	155807	0.21085177932	0
286	155030	0.0518964426415	0
3848	155908	0.027451772	0
3932	155971	0.07498764	0
54472	155971	7.519936e-07	0
1056	155971	0.0110007385	1
1435	156110	0.000132641366637	0
156110	2534	0.86342975526	0
7329	155030	3.1828615e-05	0
983	155908	0.7579614	0
4780	155971	6.02851102371e-14	0
51014	155348	8.897111e-06	0
7374	155459	0.0664299271115	0
155030	5901	2.2291342e-06	0
155030	7020	0.282500420566	0
155971	925	0.999997553423	1
10657	155908	0.552480396393	1
5599	155971	0.0942948572429	0
155971	3178	2.6702632e-05	0
156110	23547	0.477387856347	0
155030	6285	0.301216691453	0
156110	3606	0.758794957165	1
155971	684	0.021830134	0
80279	155971	1.55431223448e-15	0
155971	50863	0.98175275	0
155030	3456	0.28237844	0
6921	155459	0.154311930057	0
9648	156110	7.0084957e-07	0
155971	7124	0.99821505504	1
28299	155971	0.139771536577	0
1236	155971	0.7752611	0
4691	155908	0.0126885423816	0
155971	7852	1.0	1
48	155908	0.0165714257347	0
155971	963	5.7089636e-07	0
92421	155030	1.5611672e-09	1
5817	155945	0.238364172075	0
155971	28981	0.9719212	0
155971	1392	0.0024044502	0
155030	24137	0.0191251946692	0
155971	6890	0.0374096181875	0
155459	861	0.440808389904	1
6890	155971	4.22795955842e-05	0
10959	155971	0.206878282142	0
155030	302	0.112155326824	0
155871	100187828	0.98818856	0
4153	155971	0.9986754	0
3055	156110	0.995774526209	0
1984	155908	0.407264439062	0
3558	156110	0.0164503829377	0
30816	155908	3.64929416152e-06	0
156110	23241	0.8437785	0
10673	155971	0.0007036294	0
155908	48	0.281962613251	0
155971	6693	0.998390129456	1
155971	6426	7.22634165801e-05	0
155030	54732	0.000642096132969	0
155030	54539	0.00731705686087	0
155945	972	0.283283922695	0
100616444	155971	3.32018308299e-05	0
155807	3836	0.00961416917243	0
155971	7020	0.323192416906	0
155971	5045	0.965731895921	1
155971	54472	0.71122384	0
8945	155945	0.99965387599	0
407007	155971	2.422879e-06	0
155971	6774	0.00097086874	1
4320	155030	1.2426085e-07	0
5524	155030	4.2616588e-13	0
155971	3329	3.425423e-07	0
155971	100689229	0.0026709118	0
51311	155030	2.18665791163e-06	0
841	155807	0.014297658	0
85363	155030	1.8569892e-05	1
2534	156110	1.48211305451e-08	0
155971	1232	0.089578114	0
155908	30816	0.000742886731804	0
155971	10673	0.0007036294	0
3916	155807	0.049500734	0
100313781	156110	5.7628837e-05	0
5045	155971	0.999902281907	0
156110	3105	0.999762037388	1
155971	818	0.85991015243	0
7020	156110	0.176653551236	0
25939	155459	0.005896265	0
29082	155030	0.0795614172651	1
5903	155908	2.3122669e-11	0
1234	155030	6.2368534e-05	0
155945	6285	0.3547324	0
974	155971	0.0043234173	0
155030	6426	0.04073928	0
155971	100616444	1.82465037537e-05	0
155971	653820	0.00327585548093	0
3565	155971	0.669818223796	0
1755	155971	0.0053062197	1
6667	155030	0.692034957939	0
155459	10959	8.953484e-05	0
155971	2720	0.3057754	0
155971	920	1.0	1
155459	684	0.0051968866	0
155971	6348	0.880451099629	1
155971	1056	0.0050268443	0
155945	3777	0.879194386475	0
155908	84268	6.12308808434e-07	0
3735	155807	0.229805775756	0
10959	155807	0.28237844	0
155945	4738	0.0677338486841	0
9564	155807	0.684811785398	0
156110	3135	0.151096956518	1
60489	155030	0.215062852876	1
3586	155971	0.000103261990895	0
10656	155908	0.05640626	0
155971	7432	0.8519517	0
3458	155030	0.0227904897217	0
155030	834	0.24236773758	0
155971	821	0.745049020583	0
155971	1803	0.999935701879	1
81030	155030	0.00482637168171	0
155971	6402	0.000181804760492	1
155030	653820	0.000735637883698	0
155908	728378	0.991060798193	0
55170	155908	0.00023518965	0
351	155971	0.06165374	0
4738	155945	0.187627153226	0
155945	30816	0.0378700820986	0
155971	1669	0.030216201139	0
155030	3732	0.061173648	0
156110	29110	0.830420750213	0
155908	27067	0.467235468886	0
1234	155971	1.0	0
156110	3055	0.999890820183	1
54539	155030	0.00883805051471	0
155459	164668	0.999701780183	1
7124	156110	0.15003766783	0
155908	1984	0.348309453468	0
155459	652070	0.0029334284	0
156110	5058	0.010348927	1
155807	3840	0.557661059245	0
8941	155030	3.0673158e-07	0
155871	9733	0.0137275908628	0
1232	155971	0.003413825	0
100616444	156110	0.00010167122	0
155908	10656	0.0034000794	0
155459	8453	0.162077390064	0
10959	156110	0.000242900194513	0
155459	25939	0.0051968866	0
156110	57026	0.0146186855	0
3569	155971	0.000619988994088	0
653820	155030	0.00101909896276	0
155030	728378	0.468532575562	0
926	156110	4.4842827e-10	0
7040	155971	0.569979776792	0
60489	156110	0.0188698193872	0
29110	155459	0.00016915152	0
10959	155459	5.17621e-07	0
155030	5524	0.0001582573	0
156110	22914	0.856539765226	1
155971	100	0.7961829	1
156110	10399	0.975745261317	0
155971	3603	8.67995e-05	0
684	155030	0.13622814	1
30816	155030	0.657773873009	0
3091	155807	0.846648780359	0
155030	29082	0.994239622559	0
155348	653820	1.2972889e-05	0
155030	925	0.999999938427	0
156110	940	0.999756429329	1
155971	3558	0.011320199	1
3107	155971	2.2373907e-09	0
156110	9648	0.0073812725	0
155030	676	0.0002382251	0
155807	10714	3.5721196e-06	0
3606	156110	0.000157284557297	0
155807	3838	0.00146008424841	0
155908	2028	1.3496455e-07	0
156110	10959	0.00297164149534	0
155459	100616444	0.000498913756228	0
57026	156110	0.0146186855	0
100616444	155459	0.0353824113115	0
28910	155971	0.0005768709	0
155971	6772	1.3066857e-08	0
2187	155971	0.667610954479	0
155030	4758	5.9868744e-05	0
6347	156110	8.9129106e-05	0
6351	155971	1.3361983e-09	0
155971	4738	2.4228746e-06	0
51014	155030	1.4270718e-05	0
164668	155459	0.999999574052	0
4360	155971	0.0607539093759	0
4790	155807	5.75385132373e-05	0
156110	3107	0.911316955224	1
155030	200316	0.271611202899	0
155945	920	1.0	1
836	155807	0.43315506	0
155030	2028	0.00060442387	0
684	156110	0.999325548785	0
8941	155807	8.4604616e-13	0
155971	3565	0.0842010280495	1
155030	998	0.014606441	0
155807	54205	3.0510228e-05	0
11337	156110	1.5351063e-05	0
10959	155348	0.0640947842468	0
652070	155971	0.0033415633	0
155908	3700	1.5039421e-07	0
155807	841	7.631192e-05	0
10642	155030	0.350485450935	1
155871	7422	0.999012828019	1
3106	156110	0.210734720368	0
155971	4982	0.916139381891	0
100271694	155908	1.9602663e-15	0
3612	155807	0.988810829869	0
81559	155807	0.122116662206	0
5901	155908	0.045297507	0
11168	155908	0.287736161965	0
3384	155971	8.1836635e-07	0
155945	3661	1.0	0
26996	155971	0.00017302713	0
963	155971	0.008501603	0
55690	156110	5.950624e-09	0
28981	155971	2.860901e-10	0
10521	155030	0.16385826	1
652070	155459	2.36905e-06	0
155030	1029	0.00537342155397	0
155908	55170	0.00071010506	0
156110	926	1.0343648e-06	1
4790	155971	0.010294208	0
155971	2028	0.704864725952	0
155807	5713	0.74189067	0
156110	19	1.9407944e-05	1
100616444	155908	6.7200834e-10	0
155871	5813	0.421128257795	1
156110	5062	0.980326463111	0
4513	155971	8.9208935e-12	0
156110	100313781	0.0059770346	0
155971	94025	0.98237866	0
920	155030	0.428211168996	0
3105	156110	0.0294111057587	0
818	155971	0.277307362568	0
155030	30816	0.571690035336	0
155030	6998	2.88292e-05	0
9730	155807	0.203746295605	0
1154	155459	0.017614642	0
3574	155030	0.13098994	0
200316	155459	0.999608484611	0
155348	10959	0.268183457503	0
155971	1755	0.009848499	0
155030	10642	0.441647883309	0
653108	155908	2.35497927914e-06	0
156110	1234	6.354758e-05	1
155971	7474	0.930851645328	0
10399	156110	0.195333146049	0
155459	342574	0.2773468	0
155030	1437	0.0001771945	0
155807	8941	4.4188846e-07	0
1392	155030	0.00102181607175	0
155908	202559	0.0056301053	0
10714	155807	5.5492477e-09	0
155030	85363	0.00016381094	0
3700	155030	5.719235e-08	0
356	156110	0.0712230327182	0
155030	51311	0.0250719247051	0
1437	155030	0.0001771945	0
155908	5901	0.045297507	0
155030	947	8.2098813e-07	0
155459	1154	0.26766485	0
79719	155030	1.8773326e-05	0
4843	155971	0.5358464	0
155030	10462	0.000228552838902	0
7020	155030	0.288243482572	0
4738	155971	1.9966442e-10	0
156110	4481	4.0384028e-05	0
155971	1236	0.7752611	1
56655	155030	5.673527e-08	0
155030	100129339	6.336928e-07	0
155030	4734	0.0108395945	0
155971	4360	0.997849191494	1
8626	155348	0.0007599856	0
128866	155030	0.00695531753981	1
200316	155030	0.493895250906	0
342574	155459	0.2773468	0
7514	155030	0.39136317	0
155030	60489	0.267247882462	0
6285	156110	0.170242638571	0
925	156110	1.70362562495e-05	0
5886	155807	0.901726474283	0
155971	10714	0.0058159254357	0
155807	653820	6.392533e-05	0
155807	9564	0.904299391582	0
3700	155908	1.5039421e-07	0
8453	155459	0.137266215152	0
155807	3091	0.979364402952	0
975	155030	2.53781882519e-05	0
7852	155971	0.998967509415	0
155945	8945	0.186733518924	1
155030	3700	5.755529e-10	0
155908	6194	0.00075573433	0
156110	821	0.003696713	0
30816	155971	0.0111690595223	0
155459	7374	0.00361732572206	0
155030	387	0.0054468433	0
156110	6714	0.8077112	0
842	155807	0.008436097	0
821	156110	3.9940637e-08	0
10492	155908	0.000578212977752	0
3456	155030	0.15152295	1
5879	155030	0.277938561847	0
10410	155971	9.55196e-05	1
30835	155971	0.939944641157	0
27074	155030	5.1239336e-08	0
2	155971	0.00718518	0
155971	3932	0.07498764	1
155459	29110	0.00016915152	0
155971	2064	0.0929225770646	0
155908	3704	0.366324792409	1
155459	920	0.000627345735495	0
155971	5621	0.0010137449	0
6194	155908	0.00075573433	0
155030	347376	0.0304591102086	0
26827	155908	2.1392087e-05	0
7433	155971	3.988863e-06	0
3838	155807	0.00362491388574	0
2064	155971	2.03798638674e-05	0
155971	7040	0.999920674712	0
4314	155030	0.0024541765	0
103	155908	9.532315e-07	0
94025	155971	0.032187272	0
834	155971	8.7903057e-10	0
6774	155971	0.00094870717	0
155971	2335	0.2201024	0
51497	155971	1.91913354662e-05	0
156110	920	1.0	1
10714	155971	3.39581294639e-07	0
4261	155030	0.024527537	0
155971	407007	1.10318705e-08	0
155807	9730	0.811365527242	0
155971	8743	0.131094117485	0
801	155971	2.0145999684e-06	1
5058	156110	6.2869236e-05	0
155971	351	0.10331448	1
100	155971	2.1305152e-05	0
998	155030	0.0003532336	0
155908	983	0.0016665292	0
155908	3622	0.0022694124	0
947	155030	8.2098813e-07	0
7253	156110	0.463623779371	0
155971	2	0.88384104	1
155908	3848	0.03714597	0
155971	3385	0.994150940018	0
3329	155971	0.00043446274	0
1128	155945	0.20084919	0
676	155030	1.279761e-08	0
3458	155908	2.366884e-11	0
684	155459	0.005896265	0
156110	6774	0.00276770905234	0
50863	155971	3.3100803e-10	0
6426	155030	0.0002422192	0
155030	3622	0.018308595	0
1803	155971	0.00871047528165	0
155030	92421	1.2066165e-05	0
1524	155971	7.129612e-07	1
156110	5478	0.0173179309793	1
155908	5903	0.0007328891	0
155030	1508	0.0868243905603	0
155871	3958	0.0489108495347	0
155459	925	0.074269176	0
6285	155030	0.158463925034	0
156110	3558	0.47405402627	1
3735	155030	0.999690818515	0
155908	4691	0.00251559228901	0
155030	6667	0.94913441121	0
155971	1234	1.0	1
155459	8835	0.009822781	0
155971	652070	0.0033415633	0
925	155971	0.200657950389	0
155971	7433	0.8930513	0
4758	155030	0.0003678653	0
156110	100616444	1.858814e-05	0
5817	156110	0.13839277374	0
155908	10657	0.0198920037526	0
155030	1392	0.0159664689506	0
155030	3458	0.0312475132562	1
7514	155908	0.763660634137	1
155871	1673	0.999996723845	0
1234	156110	0.010687414	0
3932	156110	0.994169028122	0
155945	22914	0.982502813468	1
3565	155030	0.0269296512536	0
7124	155971	3.19742610166e-09	0
155971	1524	0.9765669	0
100689229	155971	0.0026709118	0
155807	3612	0.98905779369	0
155908	1654	0.899949323712	0
24137	155030	0.468025884759	0
4982	155971	0.0009107875138	0
155971	1387	0.22203757	0
155945	100616444	1.45896536241e-05	0
653820	155348	6.119841e-05	0
22914	156110	0.000593369352415	0
155030	5879	0.517423251897	0
155908	11168	0.271987638136	0
155908	26827	5.837463e-06	0
728378	155908	0.0251626280551	0
155971	973	0.00029767482	0
6387	155971	0.986271049318	0
155030	1234	6.2368534e-05	1
1489	155030	6.979348e-07	0
2028	155971	0.0188509137591	0
155348	8626	0.0007599856	0
6347	155971	3.96158300786e-06	0
155971	3569	2.73954265362e-06	1
155030	128866	4.534319498e-05	0
155030	56655	9.85898e-07	0
155030	7514	2.2291342e-06	0
8743	155971	0.186080663619	0
155030	3574	0.00013906909	0
3622	155030	7.746161e-05	0
1654	155908	0.000225683174177	1
2335	155971	0.2201024	0
5813	155871	0.000844506323586	0
834	155030	0.050975064869	0
3725	155807	0.000193030493787	0
54732	155030	0.0322942187869	0
6774	156110	0.00276770905234	0
