ENTITY1	ENTITY2	PROBABILITY	LABEL
155459	60489	1.0	1
3107	156110	1.0	1
4734	155030	1.0	1
155908	1653	1.0	1
155908	7514	1.0	1
155459	8065	1.0	1
155945	684	1.0	1
1508	155030	1.0	0
10959	155030	1.0	0
3661	155945	1.0	1
19	155971	1.0	0
7852	156110	1.0	1
60489	155459	1.0	1
100616444	155030	1.0	0
155030	10015	1.0	1
54106	155971	1.0	1
156110	7124	1.0	1
1387	155971	1.0	0
155971	801	1.0	1
6596	155807	1.0	1
156110	238	1.0	1
156110	3106	1.0	1
155971	6387	1.0	1
155807	3916	1.0	0
821	155971	1.0	1
155030	684	1.0	0
155807	5886	1.0	1
155971	10226	1.0	1
156110	684	1.0	1
865	155459	1.0	1
920	155971	1.0	1
155459	865	1.0	1
155971	2187	1.0	0
155030	3735	1.0	1
5478	155030	1.0	1
155971	5122	1.0	0
155971	19	1.0	0
25939	155807	1.0	0
156110	6285	1.0	0
155971	54106	1.0	1
155807	25939	1.0	0
8065	155459	1.0	1
3385	155971	1.0	1
155030	10959	1.0	0
155459	200316	1.0	1
155971	3700	1.0	0
3106	155030	1.0	1
155030	7251	1.0	1
684	155945	1.0	1
3700	155971	1.0	0
156110	11337	1.0	0
156110	1435	1.0	0
6348	155971	1.0	1
940	156110	1.0	0
155030	5478	1.0	1
920	156110	1.0	1
5062	156110	1.0	1
5122	155971	1.0	0
155971	5599	1.0	0
156110	3932	1.0	1
10015	155030	1.0	1
904	155871	1.0	1
155971	30835	1.0	1
920	155945	1.0	1
155807	6596	1.0	1
156110	7020	1.0	0
925	155030	1.0	0
29110	156110	1.0	0
155908	2332	1.0	0
1653	155908	1.0	1
7251	155030	1.0	1
155030	3106	1.0	1
7474	155971	1.0	0
10226	155971	1.0	1
155871	904	1.0	1
1435	156110	1.0	0
155971	925	1.0	1
10657	155908	1.0	1
5599	155971	1.0	0
9648	156110	1.0	1
155971	7852	1.0	1
155030	24137	1.0	1
156110	5062	1.0	1
3055	156110	1.0	1
1984	155908	1.0	1
155971	5045	1.0	0
8945	155945	1.0	1
3916	155807	1.0	0
5045	155971	1.0	0
156110	3105	1.0	1
155971	818	1.0	0
7020	156110	1.0	0
3565	155971	1.0	1
1755	155971	1.0	1
155971	920	1.0	1
155971	6348	1.0	1
9564	155807	1.0	0
60489	155030	1.0	1
155971	821	1.0	1
155971	1803	1.0	1
1234	155971	1.0	1
156110	3055	1.0	1
2332	155908	1.0	0
7124	156110	1.0	1
155908	1984	1.0	1
155971	100	1.0	0
684	155030	1.0	0
3091	155807	1.0	0
155030	925	1.0	0
156110	940	1.0	0
156110	9648	1.0	1
2187	155971	1.0	0
164668	155459	1.0	1
156110	3107	1.0	1
155945	920	1.0	1
684	156110	1.0	1
155971	3565	1.0	1
11337	156110	1.0	0
155030	60489	1.0	1
3106	156110	1.0	1
3612	155807	1.0	0
11168	155908	1.0	1
155945	3661	1.0	1
155971	4360	1.0	1
156110	100313781	1.0	0
920	155030	1.0	1
3105	156110	1.0	1
818	155971	1.0	0
9730	155807	1.0	1
155030	1508	1.0	0
200316	155459	1.0	1
155459	164668	1.0	1
155971	7474	1.0	0
156110	29110	1.0	0
155030	4734	1.0	1
200316	155030	1.0	1
155971	1755	1.0	1
6285	156110	1.0	0
5886	155807	1.0	1
155807	9564	1.0	0
155807	3091	1.0	0
7852	155971	1.0	1
155945	8945	1.0	1
156110	821	1.0	1
821	156110	1.0	1
30835	155971	1.0	1
156110	920	1.0	1
155971	8743	1.0	1
801	155971	1.0	1
100	155971	1.0	0
155971	3385	1.0	1
1803	155971	1.0	1
3735	155030	1.0	1
155971	1234	1.0	1
925	155971	1.0	1
155908	10657	1.0	1
7514	155908	1.0	1
3932	156110	1.0	1
155807	3612	1.0	0
24137	155030	1.0	1
155908	11168	1.0	1
6387	155971	1.0	1
8743	155971	1.0	1
155030	920	0.999999999999	1
27067	155908	0.999999999998	1
155908	27067	0.999999999992	1
155807	3735	0.999999999991	0
6667	155030	0.999999999989	0
155871	9733	0.999999999978	1
155030	6667	0.999999999973	0
9733	155871	0.99999999995	1
3735	155807	0.999999999932	0
155908	6285	0.999999999838	0
6285	155908	0.999999999654	0
302	155030	0.999999999131	1
155030	302	0.99999999909	1
155908	728378	0.999999998451	0
728378	155908	0.999999997919	0
155807	9730	0.999999997135	1
155030	100616444	0.999999996754	0
156110	2736	0.99999999543	0
155459	861	0.999999994269	1
861	155459	0.999999992483	1
2736	156110	0.999999992461	0
155807	3725	0.999999984579	0
3725	155807	0.999999970963	0
4790	155807	0.99999996367	1
155459	920	0.999999952985	1
155807	4790	0.999999925473	1
29082	155030	0.999999918616	1
2745	155971	0.999999908764	0
920	155459	0.999999900209	1
238	156110	0.9999999	1
100313781	156110	0.9999999	0
5058	156110	0.9999999	1
155971	1387	0.9999999	0
4360	155971	0.999999855507	1
155945	4738	0.999999825616	1
4738	155945	0.99999981641	1
155945	5817	0.999999806478	0
10075	155348	0.999999762903	1
156110	5058	0.99999976	1
155971	2745	0.999999737235	0
155348	10075	0.999999723313	1
156110	7852	0.999999721183	1
19	156110	0.99999964	1
202559	155908	0.9999995	0
155030	29082	0.999999421098	1
155971	1524	0.9999994	0
155971	28299	0.999999345767	0
156110	19	0.9999993	1
1524	155971	0.9999993	0
155971	7020	0.999999289619	0
7020	155971	0.999999289347	0
155908	202559	0.99999917	0
5813	155871	0.999998998579	1
156110	926	0.9999988	0
5817	155945	0.999998776977	0
2	155971	0.9999987	0
28299	155971	0.999998507469	0
1673	155871	0.999998332335	0
29110	155459	0.99999833	1
155459	29110	0.99999833	1
3267	155908	0.9999982	1
3178	155971	0.9999981	1
155971	4843	0.9999981	0
155971	684	0.99999774	0
155871	1673	0.999997445141	0
155971	3178	0.99999714	1
156110	23241	0.9999968	1
155971	2	0.9999964	0
23241	156110	0.9999962	1
5901	155908	0.9999962	1
155908	5901	0.9999962	1
155030	10642	0.999995528748	1
4843	155971	0.99999547	0
155908	3267	0.999995	1
155871	5813	0.999994968242	1
155971	100689229	0.99999464	0
100689229	155971	0.99999464	0
156110	55690	0.9999943	1
5713	155807	0.9999937	0
7433	155971	0.99999297	0
55690	156110	0.9999919	1
155030	5879	0.999991294152	0
155971	28981	0.99999046	0
684	155971	0.9999895	0
10656	155908	0.99998915	0
926	156110	0.9999881	0
25939	155459	0.9999858	0
684	155459	0.9999858	0
10642	155030	0.999984249515	1
155459	6921	0.999982323276	1
963	155971	0.99998033	0
155908	1654	0.999979607367	1
155030	85363	0.99997926	1
28981	155971	0.99997723	0
6921	155459	0.999976939781	1
155945	972	0.99997590888	1
156110	100616444	0.9999753	0
972	155945	0.999974827619	1
155908	3848	0.99997413	0
4869	155908	0.9999718464	1
155807	5713	0.99996996	0
3107	155971	0.99996793	1
155030	286	0.999967692058	1
5879	155030	0.999967095853	0
1232	155971	0.9999614	1
156110	5817	0.999951764184	1
155908	4869	0.999949120059	1
100616444	156110	0.99994457	0
85363	155030	0.9999405	1
155459	25939	0.9999391	0
155459	684	0.9999391	0
155030	3458	0.999938697357	1
155971	3107	0.9999244	1
5817	156110	0.99992344488	1
155030	30816	0.99992037523	0
3458	155030	0.999919434874	1
155908	10656	0.9999143	0
1654	155908	0.999910187449	1
155971	6351	0.99990225	1
155971	963	0.9999	0
28910	155971	0.999899	0
155971	1232	0.9998971	1
155971	28910	0.99986696	0
3732	155030	0.9998598	0
6351	155971	0.99985385	1
155348	10714	0.9998437	0
155971	7433	0.9998363	0
925	156110	0.999825789238	0
5903	155908	0.9998099	0
286	155030	0.999791043337	1
155030	200316	0.999790565391	1
50863	155971	0.9997774	0
8835	155459	0.99977726	0
3458	155971	0.999770561247	1
155971	1056	0.9996934	0
6426	155030	0.99966013	1
156110	925	0.999618059191	0
3840	155807	0.99952035322	1
155030	6998	0.99948394	0
6998	155030	0.999445	0
155971	7040	0.999431611284	1
155971	3458	0.999399840377	1
4153	155971	0.9993513	1
155908	5903	0.99933904	0
10714	155348	0.9993248	0
155971	50863	0.9993161	0
155030	3732	0.99929404	0
3848	155908	0.99924064	0
155807	55540	0.999236227167	0
55540	155807	0.999236227167	0
155459	8835	0.9991998	0
81559	155807	0.999123228477	0
156110	22914	0.999116060008	0
7040	155971	0.999099266407	1
3574	155030	0.99904925	0
155807	3840	0.999039225562	1
155908	48	0.999035242486	0
842	155807	0.9990243	0
155030	6426	0.9990181	1
155030	148362	0.9989568	0
3838	155807	0.998921127711	1
155971	6693	0.998913192304	1
1056	155971	0.9988959	0
155807	3838	0.998892938995	1
155971	4153	0.9988595	1
5901	155030	0.9988331	1
7514	155030	0.9988331	0
156110	1234	0.9988243	0
4261	155030	0.9987362	0
156110	6714	0.99872714	1
347376	155030	0.998725730978	0
6693	155971	0.998672722195	1
155807	81559	0.99865744504	0
155807	836	0.9986524	0
155030	3574	0.9986406	0
100616444	155945	0.998638603616	0
3777	155945	0.998631930046	1
3384	155971	0.99848074	0
841	155807	0.99844104	0
155971	6347	0.99800401851	1
6347	155971	0.997993422951	1
155971	1272	0.99794203	0
1272	155971	0.99794203	0
155807	841	0.99789435	0
155971	4982	0.997889388287	0
155971	3384	0.9978363	0
1234	156110	0.99779946	0
4982	155971	0.997750007999	0
22914	156110	0.997677306327	0
94025	155971	0.9976278	0
155945	3777	0.997567078223	1
6772	155971	0.9972602	0
6714	156110	0.9972187	1
3958	155871	0.997185127908	0
148362	155030	0.9971023	0
155030	7020	0.99708192233	0
30816	155030	0.997000870619	0
48	155908	0.996951306286	0
975	155030	0.996861557444	0
3576	155971	0.9965894	0
155945	100616444	0.996547199869	0
836	155807	0.99652326	0
155807	842	0.9964168	0
155971	94025	0.9962519	0
155030	5901	0.9957273	1
155030	7514	0.9957273	0
92421	155030	0.9956695	1
155971	6772	0.99557	0
7020	155030	0.995555243748	0
2534	156110	0.995508847031	1
155971	115362	0.995354406861	0
115362	155971	0.995275245072	0
155871	7422	0.995173205691	0
834	155971	0.9951115	1
22914	155945	0.995107286754	0
1236	155971	0.9950848	0
155971	1236	0.9950848	0
3932	155971	0.99504685	1
155971	3932	0.99504685	1
7422	155871	0.994847343489	0
3606	156110	0.994729530324	0
155945	22914	0.994718994587	0
3558	155971	0.99466974	1
155908	4691	0.994393030718	0
4691	155908	0.994174143655	0
30816	155945	0.994020595456	0
155945	30816	0.993874987008	0
156110	2534	0.993843938343	1
156110	256987	0.993828610006	0
23547	156110	0.993504084934	0
156110	23547	0.993282704164	0
10959	155348	0.993156672998	0
51311	155971	0.9931217	1
155971	834	0.9930415	1
156110	10399	0.992928861089	1
155971	3558	0.9928163	1
155030	92421	0.9923579	1
3135	156110	0.992286617519	1
155030	975	0.991873630218	0
156110	3606	0.991090539578	0
155030	347376	0.99026935582	0
155971	2028	0.989551814319	0
128866	155030	0.989515477547	1
10399	156110	0.989410345449	1
2028	155971	0.988962392759	0
156110	3135	0.987565200502	1
6285	155945	0.9859255	0
155945	6285	0.9859255	0
155971	3576	0.9857141	0
84268	155908	0.984258813116	0
7329	155030	0.98398304	1
155030	128866	0.982994968194	1
155807	10980	0.98274267	1
10980	155807	0.98274267	1
155971	51311	0.98246366	1
155030	4261	0.98154634	0
155030	1421	0.9809321	0
155348	10959	0.978427425763	0
155908	84268	0.977613008716	0
155030	7329	0.9775702	1
79966	155971	0.9775209	0
155971	79966	0.9775209	0
155971	6402	0.977214178592	0
155908	3622	0.97703075	0
6402	155971	0.976083485352	0
925	155459	0.97594005	0
155971	6774	0.9753307	0
356	156110	0.974975611978	0
3622	155030	0.9741692	0
155030	3622	0.9733079	0
155030	4758	0.9706974	0
156110	356	0.96928700232	0
3502	155971	0.969005218141	0
155971	4513	0.9630749	0
155871	3958	0.961399610458	0
10959	155971	0.956324383329	0
155971	10959	0.955397782737	0
155030	54732	0.951077620536	0
155971	4790	0.9486271	1
155971	3502	0.948071649927	0
4513	155971	0.9442233	0
6774	155971	0.9391831	0
4790	155971	0.9368954	1
256987	156110	0.936738334958	0
7432	155971	0.9344021	0
155971	1392	0.93181646	0
5478	156110	0.928701756826	1
1493	156110	0.928129372959	0
100187828	155871	0.92798895	0
155971	6998	0.92754436	0
155908	6194	0.92651063	1
6194	155908	0.92651063	1
156110	5478	0.925866541971	1
54732	155030	0.920465311905	0
3622	155908	0.9154959	0
155971	3586	0.915024723075	1
3586	155971	0.915024723075	1
1421	155030	0.913309	0
155971	7432	0.91120815	0
156110	60489	0.908247825467	0
60489	156110	0.908247825467	0
6890	155971	0.906343195207	0
6285	155030	0.903641666455	0
155971	974	0.9022534	0
974	155971	0.9022534	0
155030	6285	0.900298384562	0
5594	155030	0.894715059335	1
156110	1493	0.893880386273	0
155459	925	0.8930326	0
155971	6890	0.888512910972	0
156110	57026	0.88754296	0
57026	156110	0.88754296	0
3565	155030	0.882890534633	0
30816	155908	0.872416162611	0
1392	155971	0.8708784	0
155908	30816	0.869064696358	0
155030	3565	0.868864643373	0
155459	10959	0.85542595	0
1154	155459	0.84638023	0
155030	51311	0.841556143905	0
156110	4481	0.8317811	0
155459	100616444	0.828160762979	0
155459	1154	0.8214753	0
100616444	155459	0.819520671182	0
8626	155348	0.81639856	0
155348	8626	0.81639856	0
81030	155030	0.815035992323	0
728378	155030	0.805442384783	0
155030	728378	0.80193783235	0
156110	6347	0.7971802	0
6347	156110	0.7971265	0
51311	155030	0.795477560831	0
155030	10462	0.79161490762	0
155871	100187828	0.78705037	0
155030	387	0.78642446	0
155030	998	0.7863883	0
155908	983	0.78322166	0
155971	100616444	0.776529192216	0
79719	155030	0.7682361	0
4758	155030	0.7654898	0
155030	5594	0.763237055637	1
155030	81030	0.751296291831	0
155945	1128	0.7490944	0
1128	155945	0.7490944	0
155030	54539	0.744460637058	0
1669	155971	0.72958251321	1
983	155908	0.7274978	0
155971	3569	0.725433088223	1
155971	1669	0.724801227559	1
155030	100862696	0.709995924861	0
155807	3836	0.694458290469	1
100616444	155971	0.692107035024	0
6998	155971	0.69103545	0
3569	155971	0.690915903906	1
10959	155459	0.6881699	0
3836	155807	0.687243027295	1
2720	155971	0.6805343	0
8453	155459	0.670077437696	1
155971	2335	0.6647243	1
2335	155971	0.6647243	1
155030	79719	0.662151	0
100862696	155030	0.65858293443	0
54539	155030	0.65640021822	0
155459	8453	0.647521248791	1
155030	4314	0.6246235	0
1029	155030	0.601064655841	0
10462	155030	0.596374602557	0
998	155030	0.5940454	0
155971	2720	0.5919957	0
156110	3558	0.571604287033	1
155807	10959	0.56745017	0
3456	155030	0.56745017	0
155030	3456	0.5571501	0
10959	155807	0.5571501	0
155971	7124	0.555107759309	1
155971	351	0.54614085	1
351	155971	0.54088	1
155030	1029	0.528679073307	0
4314	155030	0.50706327	0
155971	4780	0.49422750530500004	0
4481	156110	0.49023934999999996	0
4780	155971	0.46337168895299996	0
387	155030	0.42880994000000006	0
3558	156110	0.38904599415100005	1
7124	155971	0.38831477912799994	1
10521	155030	0.38830087	1
155030	10521	0.37867498	1
6737	155030	0.3495984	1
155908	10492	0.32910926578599997	1
155971	5933	0.30629631999999996	0
10492	155908	0.3005415101219999	1
10673	155971	0.2813179800000001	0
155971	10673	0.2813179800000001	0
7374	155459	0.28056051656000003	0
155459	7374	0.27779193247699996	0
156110	6774	0.27652759342300004	1
6774	156110	0.27652759342300004	1
155030	2028	0.2638663	0
5933	155971	0.24757127	0
3704	155908	0.24314020974499995	0
7253	156110	0.24219904930299996	0
1234	155030	0.2326901	1
155030	1234	0.2326901	1
30816	155971	0.225129458726	0
155030	3700	0.22392552	0
156110	7253	0.22121647811299994	0
2064	155971	0.18321803879499998	0
347376	155971	0.176967951419	0
155971	347376	0.176967951419	0
652070	155459	0.17216513999999994	0
5621	155971	0.16291137	0
155971	5621	0.14245565000000004	0
3700	155030	0.13698860000000002	0
1392	155030	0.130879552528	0
155908	3704	0.13027976484899995	0
653820	155030	0.126321197707	0
155971	80279	0.12384582301199998	0
3458	156110	0.11851829000000003	1
156110	3458	0.11851829000000003	1
10714	155971	0.11461635595700004	0
2028	155030	0.11281390999999996	0
155030	653820	0.11192290565100005	0
155971	2064	0.10893892565100005	0
155030	1392	0.10830665388299998	0
80279	155971	0.09900139675810005	0
155971	51497	0.09824689257749997	0
1489	155030	0.09716060999999998	0
155030	1489	0.093527146	0
155030	834	0.08422179418709996	0
155908	3458	0.08247061	0
100689229	155030	0.08144087954870005	0
973	155971	0.08062769999999997	0
155030	6737	0.07995101000000004	1
156110	10959	0.07517225235799996	0
155459	652070	0.07508462999999999	0
10959	156110	0.07360451185170003	0
155971	10714	0.06236733586319998	0
155030	100689229	0.05940039057900004	0
155971	973	0.05667676399999999	0
155971	30816	0.05078530970350004	0
155030	676	0.046416561999999995	0
155971	54472	0.04306854699999996	0
155971	10410	0.04099573000000001	1
10410	155971	0.04099573000000001	1
676	155030	0.039030585000000007	0
5599	156110	0.03412926000000005	0
156110	5599	0.030627744000000012	0
3458	155908	0.029311186000000045	0
56655	155030	0.027373745999999977	0
51497	155971	0.027021169083599972	0
834	155030	0.02579536060830001	0
155030	310	0.021567887000000008	0
155030	56655	0.020522083999999996	0
155348	8941	0.017344440000000017	0
54472	155971	0.016797496000000023	0
3329	155971	0.015119880999999946	1
155971	1109	0.013119395000000034	0
310	155030	0.011467456999999959	0
155030	100129339	0.011264311000000027	0
8941	155348	0.010459246000000033	0
653108	155908	0.008322974675060046	0
10714	155807	0.008008166999999955	0
155348	51014	0.007889416000000038	0
51014	155348	0.007889416000000038	0
155030	947	0.007690401299999983	0
947	155030	0.007690401299999983	0
917	156110	0.007490139499999993	1
156110	917	0.007490139499999993	1
1109	155971	0.007215725699999953	0
155908	653108	0.006371459378299971	0
347376	155807	0.006201092600000013	0
155807	10714	0.0057887669999999725	0
155971	3329	0.00510526499999997	1
155807	347376	0.0044701430000000375	0
26996	155971	0.004056649000000023	0
155971	26996	0.003908354300000028	0
100129339	155030	0.003021293999999952	0
155971	6426	0.00121807300198995	1
155459	342574	0.001099507000000055	0
342574	155459	0.001099507000000055	0
653820	155971	0.0009537004852450126	0
155971	653820	0.0006894145021340004	0
653820	155807	0.0006331416699999481	0
155030	1629	0.0005607170292990515	0
155807	653820	0.0005313077999999916	0
55170	155908	0.0005044883600000549	0
6426	155971	0.0005043964717740268	1
155908	3700	0.0004005496200000236	0
3700	155908	0.0004005496200000236	0
155807	54205	0.00021525993000004462	0
1629	155030	0.00017920209327804137	0
51014	155030	0.0001725695900000046	0
4738	155971	0.0001525434500000422	0
155971	4738	0.00015196868000000308	0
54205	155807	0.00014747731999997793	0
653820	155348	0.00010364199000001406	0
155908	55170	0.00010345645999998432	0
155030	51014	7.779020999998387e-05	0
2028	155908	6.972819399997388e-05	0
155908	2028	6.416076000004267e-05	0
155030	4320	4.853471499999262e-05	0
155348	653820	3.953428299996453e-05	0
407007	155971	3.366276399996426e-05	0
8941	155030	2.0853570000034516e-05	0
155908	26827	2.057652800002696e-05	0
155971	407007	1.3435289999974565e-05	0
155908	103	1.3119235499958748e-05	1
103	155908	1.3119235499958748e-05	1
155030	8941	1.0710942999980766e-05	0
4320	155030	9.077893999953623e-06	0
27074	155030	7.0840382999648455e-06	0
155030	1437	6.6772629999656274e-06	0
1437	155030	6.6772629999656274e-06	0
3603	155971	5.704201999967573e-06	1
652070	155971	4.924908399983607e-06	0
155971	652070	4.924908399983607e-06	0
26827	155908	3.4145106999616814e-06	0
5524	155030	1.0976909999849127e-06	0
155971	3603	8.77974570046014e-07	1
155030	27074	8.175316600356197e-07	0
155807	8941	7.345989000429043e-07	0
8941	155807	5.296005000099413e-07	0
155030	5524	3.226604999850835e-07	0
6402	155030	2.662143600007383e-07	0
155030	6402	1.5000001996057222e-07	0
4594	156110	3.855798347274231e-09	0
156110	4594	3.383812341439807e-09	0
100616444	155908	9.097232966936986e-10	0
100271694	155908	5.051526974497733e-10	0
155908	100271694	2.4778068485886706e-10	0
155908	100616444	2.0774926223765533e-10	0
