E1	E2	Probability	Label
155459	60489	0.999994220181	0
202559	155908	0.0011257677	1
302	155030	0.0635551673487	0
3107	156110	0.0776816160613	0
3458	156110	0.012941495	0
155030	4261	2.8524647e-07	0
4594	156110	5.4821413e-08	0
4734	155030	0.9903104	1
3576	155971	1.6623292e-06	0
155908	1653	0.953293648118	0
155030	5594	0.0125104439136	1
155971	3576	0.023461098	1
155459	6921	0.470367540237	0
155971	1272	3.2002987e-05	0
155908	7514	0.952393729613	0
1673	155871	0.0203102785226	0
155971	26996	4.821139e-05	0
156110	356	0.979044049016	1
155459	8065	0.317575647794	1
3958	155871	0.000126640344757	0
6714	156110	0.006050099	0
156110	3458	0.012941495	1
100187828	155871	2.2693025e-09	0
155945	684	0.999999996568	1
155030	51014	2.1494596e-12	0
156110	1493	0.236214374835	1
10462	155030	0.0613425391568	0
3836	155807	3.69809736953e-05	0
1508	155030	0.0158891616783	0
10959	155030	0.869291399829	0
684	155971	0.0008031678	0
917	156110	0.00075090805	0
3661	155945	0.00455727902421	0
155971	6347	0.988488906246	1
155030	4314	4.4487806e-06	0
156110	6347	0.32571644	1
19	155971	0.0038923188	0
155971	115362	0.0355532809948	0
7852	156110	0.00234834534007	0
155971	6351	0.76905566	1
6998	155971	7.6775854e-05	0
155030	100862696	0.0763428981253	0
2028	155908	9.487693e-07	0
155807	4790	0.995116596876	1
347376	155030	0.965647696973	0
3502	155971	0.0187231683141	0
60489	155459	0.826309200413	0
100616444	155030	0.381269138786	0
155030	10015	0.0908984181839	0
54106	155971	0.0017058143	0
155030	148362	1.7734361e-07	0
156110	7124	0.338166975235	1
100689229	155030	0.00040535517041	0
155030	100689229	0.000133673053264	0
155030	27074	1.2855249e-05	0
155030	10521	7.658128e-05	0
155030	100616444	0.31488923514	0
1387	155971	1.6749118e-07	0
155945	5817	0.447471520831	0
6285	155908	0.176561393873	0
155971	801	1.0	0
310	155030	0.0042770994	0
1493	156110	0.125558898621	0
155971	28910	0.0005927385	0
155971	3586	0.0314282488019	1
6596	155807	1.95107765921e-05	0
155971	4153	1.05819076e-07	0
3732	155030	6.729889e-07	0
155971	974	0.46069074	0
861	155459	0.097952763251	0
156110	238	0.6062843	1
1421	155030	3.2334883e-05	0
156110	3106	0.0158731068018	0
155971	3502	0.177670985712	0
156110	5599	5.3322347e-05	1
79966	155971	0.066050075	0
155971	6387	0.561370868728	0
155807	3916	0.6097282	0
653820	155807	0.0047155796	0
156110	256987	0.082787439328	0
821	155971	0.948285096178	0
155971	4780	0.953254048319	1
155030	684	0.045026798	0
155030	1629	0.00635570717701	0
155030	3565	0.000809174850333	0
8835	155459	0.000191832	0
155348	8941	8.2080965e-07	0
155807	5886	0.359840007943	0
1109	155971	3.0501053e-07	0
5621	155971	0.0010168968	0
1669	155971	0.269350656485	0
155971	51497	0.00545234981785	0
155971	10226	0.109336725296	0
2720	155971	0.10153604	0
19	156110	0.0002704428	0
5594	155030	0.0275408544817	0
6402	155030	5.135286e-06	0
155807	3725	0.980873838085	1
728378	155030	0.0463657178096	0
155971	834	0.9973757	1
156110	684	0.955892039256	1
347376	155807	2.0873407e-12	0
27067	155908	0.0157977483341	0
865	155459	0.462691710024	0
155971	2745	0.0123166563723	0
3558	155971	0.025592964	0
155807	836	0.107399695	1
22914	155945	0.0531466341126	0
156110	925	0.00206344595056	0
256987	156110	0.000534331720622	0
920	155971	0.999999999256	0
155459	865	0.859347686438	1
347376	155971	0.0307235623358	0
155971	28299	0.999999839869	0
155971	2187	0.999787359873	0
10714	155348	0.3751511	0
155030	3735	0.764331294862	0
156110	7253	0.000508517047073	0
156110	60489	0.0909612230468	0
5478	155030	0.973018965335	0
973	155971	0.0005083062	0
155971	30816	0.000210933169652	0
6737	155030	0.002667141	0
5478	156110	0.0190142172196	0
156110	5817	0.416027123133	0
3178	155971	2.1173848e-06	0
1029	155030	0.852131890796	0
155971	4843	1.1366309e-06	1
925	155459	4.113207e-06	0
155971	5122	0.797606085437	0
155971	51311	0.117334284	0
54205	155807	4.074327e-14	0
6772	155971	1.9330068e-05	0
653820	155971	3.64170644751e-08	0
155971	19	0.86648005	0
148362	155030	0.98454386	0
155971	10959	0.420229406473	0
155971	10410	0.0018473222	1
25939	155807	4.09103752375e-06	0
7020	155971	0.0343256757194	0
155030	6737	0.00078696443	0
4869	155908	0.326393729613	1
5713	155807	0.00079322484	0
156110	4594	0.021656377	0
3777	155945	0.311570122246	0
155908	653108	0.0200196690412	0
155971	4790	0.12195457	1
156110	6285	0.853522642205	0
155030	4320	2.939979e-07	0
155908	6285	0.0657850536482	0
155971	54106	0.043229915	0
155908	100271694	7.682871e-07	0
100862696	155030	0.0441303488603	0
155030	1421	0.00018143469	0
3267	155908	0.00039312654	0
155908	10492	0.00169184713697	0
155030	8941	1.0830822e-08	0
155807	25939	7.56964784397e-05	0
2332	155908	0.467772283069	0
8065	155459	0.99602173961	0
155807	842	0.029402426	1
155348	10714	0.10484079	0
6426	155971	2.99468639009e-06	0
3385	155971	0.115753894119	0
155807	10980	0.0007160778	0
155030	10959	0.865653623654	0
155945	1128	0.004200845	0
155459	200316	0.855443300703	0
5901	155030	3.9254496e-06	0
155971	3700	0.868195154685	0
6998	155030	0.00056250504	0
3106	155030	0.892297429827	0
8941	155348	2.6971253e-07	0
3840	155807	1.09250059955e-05	0
155030	7251	0.322502483907	0
684	155945	0.54263074251	0
30816	155945	0.000126929393102	0
3700	155971	0.496708087742	0
155908	4869	0.00255900981413	0
3135	156110	4.97037836968e-05	0
3603	155971	9.3342525e-05	0
100616444	155945	0.000872885158408	0
7432	155971	2.6635295e-08	0
6693	155971	0.0034530101922	0
155908	3267	0.019217063	1
155971	4513	0.98689365	0
156110	11337	0.04790835	0
156110	1435	0.000718830309001	0
155971	1109	6.129387e-07	0
156110	2736	0.0960412619752	0
155971	80279	0.185826294509	0
920	155459	0.00210825629318	0
155030	1489	0.0074206875	0
9733	155871	0.0766495582752	0
155971	347376	0.0307235623358	0
6348	155971	0.542051119539	0
940	156110	0.541984060749	0
155030	5478	0.658215332516	0
920	156110	0.914236040137	0
5062	156110	0.207545010627	0
155348	10075	0.254888190264	0
155971	5933	0.55981004	0
10980	155807	0.0007160778	0
2745	155971	0.00893457250426	1
23547	156110	0.0228342278348	0
5122	155971	0.0351527827762	0
155971	6998	0.0008426009	0
155030	7329	7.2480354e-05	0
156110	55690	0.45286927	0
155030	975	0.0613580849295	0
155971	5599	0.996658368524	1
51311	155971	0.0007187976	0
155030	286	0.0276517705513	0
6402	155971	0.635841562904	0
156110	3932	0.999018339197	1
10015	155030	0.994175385956	0
387	155030	4.6671616e-06	0
155807	55540	0.0342069128507	0
155971	3384	0.9235879	0
155807	81559	0.584453874689	0
5933	155971	3.2098037e-12	0
155807	347376	5.3930504e-13	0
904	155871	0.263160541655	0
155971	30835	0.982900964514	0
3622	155908	6.056969e-13	0
156110	7852	0.788367583028	1
920	155945	0.961713997036	0
10075	155348	0.00511932064288	0
155807	6596	2.00179992025e-05	0
155807	10959	0.104539685	0
1392	155971	4.272468e-06	0
23241	156110	2.4435718e-12	0
7422	155871	6.34719358017e-06	0
1629	155030	3.53357464689e-06	0
155348	51014	3.496962e-05	0
156110	7020	0.0184899858267	0
3704	155908	2.52861046073e-05	0
155030	79719	0.0010192202	0
1272	155971	3.2002987e-05	0
925	155030	0.0178036889553	0
29110	156110	0.000142012956373	0
155030	920	0.904342470027	0
155908	3458	0.15687624	0
972	155945	0.103389442673	0
155807	3735	0.338395527962	0
156110	917	0.00075090805	0
115362	155971	0.147666205058	0
4481	156110	7.896357e-13	0
155030	6402	5.91911e-09	0
3458	155971	0.00294228919882	0
155908	2332	0.0209530371296	0
1653	155908	0.642657236016	0
5599	156110	6.9296745e-17	0
7251	155030	0.0032373089776	0
155971	79966	0.066050075	0
155971	3458	0.995989577631	1
155908	100616444	1.1370589e-05	0
6285	155945	0.056766216	0
155030	310	0.047122885	0
155030	3106	0.978905308943	1
100129339	155030	0.009649356	0
7474	155971	0.19194518275	0
155908	103	6.8549645e-07	0
238	156110	7.8822e-06	0
2736	156110	0.00466194633753	0
155971	3107	0.99904126	1
10226	155971	0.13665137731	0
155030	81030	0.0187321535099	0
155871	904	0.250925623796	1
84268	155908	0.023457872423	0
2028	155030	0.16400492	0
55540	155807	0.0342069128507	0
286	155030	0.0434784582113	0
3848	155908	0.01495675	0
3932	155971	0.034290213	0
54472	155971	6.604283e-11	0
1056	155971	0.003191491	0
1435	156110	0.00265052864257	0
156110	2534	0.981445838791	0
7329	155030	3.65294e-05	0
983	155908	0.19728665	0
4780	155971	0.000457634255645	0
51014	155348	3.496962e-05	0
7374	155459	0.09404369	0
155030	5901	0.15016219	0
155030	7020	0.260590401826	0
155971	925	0.999437864076	0
10657	155908	0.358691318629	0
5599	155971	0.500278146344	0
155971	3178	3.4926209e-06	0
156110	23547	0.00745425270231	0
155030	6285	0.17004960001	0
156110	3606	0.77841967818	0
155971	684	2.564094e-10	0
80279	155971	5.02493928578e-07	0
155971	50863	0.40459058	0
155030	3456	0.1894327	0
6921	155459	0.177843373319	1
9648	156110	0.00025710766	0
155971	7124	0.976274584277	1
28299	155971	0.0834349078477	0
1236	155971	0.6434521	0
4691	155908	0.0365161780535	0
155971	7852	1.0	1
48	155908	0.00405831228676	0
155971	963	1.2350124e-06	0
92421	155030	2.7462713e-08	0
5817	155945	0.275718358348	0
155971	28981	0.9566169	0
155971	1392	9.055561e-05	0
155030	24137	0.00591369861262	0
155971	6890	0.033067030358	0
155459	861	0.185746217562	0
6890	155971	0.000586198190216	0
10959	155971	0.0978929025632	0
155030	302	0.0892209075696	0
155871	100187828	0.009493827	0
4153	155971	0.9969561	0
3055	156110	0.989990279892	0
1984	155908	0.65767073374	0
3558	156110	0.00497301098133	0
30816	155908	0.000984270334515	0
156110	23241	0.36524314	0
10673	155971	0.03096703	0
155908	48	0.0050700770114	0
155971	6693	0.911315019927	0
155971	6426	0.00228104913807	0
155030	54732	0.00530293818369	0
155030	54539	0.0064550571458	0
155945	972	0.218600269456	0
100616444	155971	0.0182042775797	0
155807	3836	1.29559771371e-05	0
155971	7020	0.737038459583	0
155971	5045	0.471354504933	1
155971	54472	0.42583564	1
8945	155945	0.0366758590299	0
407007	155971	2.600153e-07	0
155971	6774	0.0016921818	1
4320	155030	1.5768013e-08	0
5524	155030	3.6859633e-21	0
155971	3329	5.3232037e-11	0
155971	100689229	0.004350748	0
51311	155030	0.000226900359409	0
841	155807	5.288054e-06	0
85363	155030	1.1501122e-05	0
2534	156110	0.000183734001934	0
155971	1232	0.75975496	0
155908	30816	0.00274393166136	0
155971	10673	0.03096703	0
3916	155807	5.166539e-10	0
100313781	156110	0.0071943505	0
5045	155971	0.397933989765	0
156110	3105	0.447193165433	0
155971	818	0.930864841879	0
7020	156110	0.0141155680412	1
25939	155459	1.643277e-08	0
29082	155030	0.0913932492279	0
5903	155908	2.9423674e-05	0
1234	155030	0.008386419	0
155945	6285	0.056766216	0
974	155971	0.46069074	0
155030	6426	3.4407334e-05	0
155971	100616444	0.0182790305083	0
155971	653820	0.00270877257197	0
3565	155971	0.00358344639617	0
1755	155971	0.76526076	0
6667	155030	0.238721850733	0
155459	10959	0.015479801	0
155971	2720	0.2341738	0
155971	920	1.0	1
155459	684	4.284286e-08	0
155971	6348	0.542051119539	1
155971	1056	0.012346662	0
155945	3777	0.378380184455	0
155908	84268	6.26996292019e-06	0
3735	155807	0.00200816974433	0
10959	155807	0.1894327	0
155945	4738	0.310050672813	0
9564	155807	0.179263713356	0
156110	3135	0.156086733993	0
60489	155030	0.22757973843	0
3586	155971	0.0314282488019	0
10656	155908	9.151736e-06	1
155971	7432	0.010583644	0
3458	155030	0.011364733458	0
155030	834	0.000396461774602	0
155971	821	0.999997097746	0
155971	1803	0.982334937782	0
81030	155030	0.000729374965954	0
155971	6402	0.112138611865	0
155030	653820	0.000416121605925	0
155908	728378	0.728171236555	0
55170	155908	9.046319e-08	0
351	155971	0.16982469	0
4738	155945	0.923245367846	0
155945	30816	0.000856790259439	0
155971	1669	0.267897408816	0
155030	3732	0.0057369554	0
156110	29110	0.999329404088	0
155908	27067	0.00523315691788	0
1234	155971	1.0	0
156110	3055	0.990374052287	1
54539	155030	0.00694528040605	0
155459	164668	0.244744882063	0
7124	156110	0.915078179648	0
155908	1984	0.247900424154	0
155459	652070	8.123422e-05	0
156110	5058	6.0658225e-05	1
155807	3840	0.00578617805787	0
8941	155030	0.0002805427	0
155871	9733	0.0294565330807	0
1232	155971	0.48664254	0
100616444	156110	2.4761932e-05	0
155908	10656	0.00034399258	0
155459	8453	0.288857895209	0
10959	156110	0.0116286763545	0
155459	25939	4.284286e-08	0
156110	57026	0.04203789	0
3569	155971	0.0311430069975	0
653820	155030	0.000396779575752	0
155030	728378	0.315021918516	0
926	156110	4.3856087e-08	0
7040	155971	0.157226201941	0
60489	156110	0.0909612230468	0
29110	155459	0.00027957934	0
10959	155459	1.3712566e-06	0
155030	5524	3.65288e-07	1
156110	22914	0.955529092649	0
155971	100	0.98287994	1
156110	10399	0.462257064885	0
155971	3603	5.0448455e-07	0
684	155030	0.0002682032	0
30816	155030	0.331935724639	0
3091	155807	0.995660035468	0
155030	29082	0.845624483146	0
155348	653820	8.4307436e-07	0
155030	925	0.999989989634	0
156110	940	0.999757254866	1
155971	3558	0.74085957	1
3107	155971	1.16638e-05	0
156110	9648	4.322153e-05	0
155030	676	0.005134854	0
155807	10714	0.1230728	0
3606	156110	0.0111868707865	0
155807	3838	0.0809681730046	0
155908	2028	2.1712735e-06	0
156110	10959	0.0020563944511	0
155459	100616444	0.000393198943747	0
57026	156110	0.04203789	0
100616444	155459	3.05870518265e-05	0
28910	155971	4.5168e-07	0
155971	6772	0.00012902262	1
2187	155971	0.0078173239931	0
155030	4758	0.017900303	0
6347	156110	2.982597e-07	0
6351	155971	2.4747887e-05	0
155971	4738	0.041913584	0
51014	155030	4.637027e-05	0
164668	155459	0.411721522565	0
4360	155971	0.788513368635	0
4790	155807	0.0105359963978	0
156110	3107	0.0284951919932	0
155030	200316	2.99604223672e-05	0
155945	920	0.999993061441	0
836	155807	0.048947588	0
155030	2028	4.779988e-05	0
684	156110	0.825215233992	0
8941	155807	4.951217e-13	0
155971	3565	0.00490919669088	1
155030	998	8.305753e-07	0
155807	54205	3.5883475e-06	0
11337	156110	0.0015803162	0
10959	155348	0.00113587139368	0
652070	155971	1.3768515e-05	0
155908	3700	1.5623066e-06	0
155807	841	0.16850388	1
10642	155030	0.0939994718683	0
155871	7422	0.979825742412	1
3106	156110	0.0647918284485	0
155971	4982	0.439127551534	0
100271694	155908	4.4021912e-13	0
3612	155807	0.974461028982	0
81559	155807	0.00957046067869	0
5901	155908	0.18702868	1
11168	155908	0.129224827675	0
3384	155971	2.3933981e-09	0
155945	3661	0.36987265391	0
26996	155971	0.005946932	0
963	155971	1.44169035e-05	0
55690	156110	2.2471286e-07	0
28981	155971	2.0209267e-05	0
10521	155030	0.0008753489	1
652070	155459	4.1896274e-06	0
155030	1029	0.108080176662	0
155908	55170	3.3626056e-05	0
156110	926	7.4038595e-05	0
4790	155971	0.0009079328	0
155971	2028	0.206126457517	0
155807	5713	0.7081942	0
156110	19	1.0046607e-06	0
100616444	155908	6.0141114e-09	0
155871	5813	0.0821314791982	0
156110	5062	0.118165716227	1
4513	155971	5.940692e-08	0
156110	100313781	0.6216956	0
155971	94025	0.9858073	0
920	155030	0.470352822652	0
3105	156110	0.000158815642874	0
818	155971	0.722054056834	0
155030	30816	0.400186842713	0
155030	6998	0.00020753531	0
9730	155807	0.0649050225711	0
1154	155459	0.00094536185	0
3574	155030	0.00033177956	1
200316	155459	0.389963542654	0
155348	10959	0.177322949794	0
155971	1755	0.05490259	0
155030	10642	0.190218132818	0
653108	155908	3.48916758123e-05	0
156110	1234	0.0010663138	0
155971	7474	0.638072313397	1
10399	156110	0.958607903451	0
155459	342574	6.4835817e-06	0
155030	1437	2.6143757e-06	1
155807	8941	3.544198e-08	0
1392	155030	0.00449088477497	0
155908	202559	0.00016123403	0
10714	155807	1.1726942e-07	0
155030	85363	3.62181e-06	0
3700	155030	0.37465358	0
356	156110	0.658972999652	0
155030	51311	0.0212469932796	0
1437	155030	2.6143757e-06	0
155908	5901	0.18702868	0
155030	947	0.008170843	0
155459	1154	0.22227342	0
79719	155030	6.61086e-05	0
4843	155971	0.4725843	0
155030	10462	0.00245725338418	0
7020	155030	0.262500809633	0
4738	155971	0.0016635781	0
156110	4481	0.0018861478	0
155971	1236	0.6434521	1
56655	155030	7.660073e-09	0
155030	100129339	0.0005770716	0
155030	4734	0.00043530946	0
155971	4360	0.999862612644	0
8626	155348	0.027133726	0
128866	155030	0.000671030566908	0
200316	155030	3.68833568687e-07	0
342574	155459	6.4835817e-06	0
7514	155030	3.9254496e-06	0
155030	60489	0.253361442553	0
6285	156110	0.020577474333	0
925	156110	4.59773750641e-05	0
5886	155807	0.848344267974	0
155971	10714	0.702911101941	0
155807	653820	0.012372033	0
155807	9564	0.99532186291	0
3700	155908	1.5623066e-06	0
8453	155459	0.289180426571	0
155807	3091	0.996888632354	1
975	155030	8.76691397468e-05	0
7852	155971	0.943593771618	0
155945	8945	0.39139222229	1
155030	3700	0.07336908	0
155908	6194	0.00027762013	0
156110	821	7.7734374e-05	0
30816	155971	1.18545429273e-06	0
155459	7374	0.000285667713131	0
155030	387	3.9072765e-07	0
156110	6714	0.36476684	1
842	155807	1.753594e-05	0
821	156110	2.2270553e-05	0
10492	155908	0.00116675086578	0
3456	155030	0.104539685	0
5879	155030	0.0864426650469	0
10410	155971	0.0018473222	0
30835	155971	0.796415368569	1
27074	155030	2.8128294e-08	0
2	155971	0.14900482	0
155971	3932	0.034290213	1
155459	29110	0.00027957934	0
155971	2064	0.348870337718	0
155908	3704	0.0118668580225	0
155459	920	0.0115662386198	0
155971	5621	0.12060061	0
6194	155908	0.00027762013	0
155030	347376	0.137646527045	0
26827	155908	9.0346686e-07	0
7433	155971	1.904483e-06	0
3838	155807	0.0794605030724	0
2064	155971	0.00487840559772	0
155971	7040	0.999997222411	1
4314	155030	9.304083e-05	0
103	155908	6.8549645e-07	0
94025	155971	0.028424134	0
834	155971	0.00020853206	0
6774	155971	0.00011210928	0
155971	2335	0.025143912	0
51497	155971	0.011519945337	0
156110	920	1.0	1
10714	155971	0.000137421778094	0
4261	155030	3.2765984e-05	0
155971	407007	2.0845976e-06	0
155807	9730	0.000781453942564	1
155971	8743	0.562877372773	1
801	155971	0.00634964976577	0
5058	156110	7.770545e-08	0
155971	351	0.25707164	1
100	155971	0.026522791	0
998	155030	3.2382474e-10	0
155908	983	0.00012220081	0
155908	3622	0.0010401595	0
947	155030	0.008170843	0
7253	156110	2.02422570968e-05	0
155971	2	0.68998885	0
155908	3848	0.055527356	0
155971	3385	0.933330706592	0
3329	155971	3.8609114e-06	0
1128	155945	0.004200845	0
676	155030	3.2521774e-12	0
3458	155908	9.219707e-09	0
684	155459	1.643277e-08	0
156110	6774	0.00725858967765	1
50863	155971	1.3901392e-13	0
6426	155030	0.004223061	1
155030	3622	0.00242889	0
1803	155971	0.066093961679	0
155030	92421	3.7571386e-08	0
1524	155971	3.0468282e-08	0
156110	5478	0.000104198017552	0
155908	5903	0.40272543	0
155030	1508	0.0132764725921	0
155871	3958	0.00102242033274	1
155459	925	3.7646066e-06	0
6285	155030	0.176334546271	0
156110	3558	0.0253999623707	1
3735	155030	0.235730994053	0
155908	4691	0.0161481924242	0
155030	6667	0.210850087491	1
155971	1234	1.0	1
155459	8835	0.008341227	0
155971	652070	1.3768515e-05	0
925	155971	0.9427375588	0
155971	7433	0.15456648	1
4758	155030	0.005264869	0
156110	100616444	0.00040590682	0
5817	156110	0.676173216623	0
155908	10657	0.713635460736	1
155030	1392	0.0129934376912	0
155030	3458	0.0170115336747	1
7514	155908	0.846967404411	1
155871	1673	0.999998264076	1
1234	156110	0.0043429676	0
3932	156110	0.859504547678	0
155945	22914	0.925348822366	0
3565	155030	0.00109666836758	0
7124	155971	2.72151352605e-05	0
155971	1524	0.9876518	0
100689229	155971	0.004350748	0
155807	3612	0.9512170727	0
155908	1654	0.00706484614919	0
24137	155030	0.0131910437379	0
4982	155971	1.76345498515e-05	0
155971	1387	0.015124135	0
155945	100616444	0.0106550249944	0
653820	155348	1.1675158e-06	0
22914	156110	0.00889350317276	0
155030	5879	0.00269844227722	1
155908	11168	0.185188392484	0
155908	26827	0.046417184	0
728378	155908	0.115699132755	0
155971	973	7.323592e-05	1
6387	155971	0.302257840238	0
155030	1234	0.008386419	1
1489	155030	9.37418e-11	0
2028	155971	0.00200719873403	0
155348	8626	0.027133726	0
6347	155971	0.00362814848766	0
155971	3569	0.0029118093322	1
155030	128866	0.000665141047266	0
155030	56655	4.1841857e-05	0
155030	7514	0.15016219	1
8743	155971	0.995449718217	0
155030	3574	0.005566337	0
3622	155030	0.0006872362	0
1654	155908	0.00701988462754	1
2335	155971	0.025143912	0
5813	155871	0.100744455024	0
834	155030	1.20968601461e-05	0
3725	155807	0.0572785332019	0
54732	155030	0.00525214332132	0
6774	156110	0.00725858967765	0
