E1	E2	Probability	Label
155459	60489	1.0	1
202559	155908	0.10997248	1
302	155030	0.649865281332	0
3107	156110	0.567971267959	0
3458	156110	0.031708863	0
155030	4261	1.0634008e-07	0
4594	156110	7.9254345e-09	0
4734	155030	0.9924539	1
3576	155971	4.8639333e-05	0
155908	1653	0.839622637901	0
155030	5594	0.114439048511	1
155971	3576	0.21556623	1
155459	6921	0.981742498251	0
155971	1272	0.07881472	0
155908	7514	0.908403168363	0
1673	155871	0.801421471184	0
155971	26996	0.00032619436	0
156110	356	0.793322747063	1
155459	8065	0.999999999897	1
3958	155871	0.128555063727	0
6714	156110	0.0066887564	0
156110	3458	0.031708863	1
100187828	155871	4.8006217e-07	0
155945	684	1.0	1
155030	51014	9.769642e-11	0
156110	1493	0.0197821844666	1
10462	155030	0.261845683838	0
3836	155807	0.130953180731	0
1508	155030	0.981444290431	1
10959	155030	0.986432067751	0
684	155971	0.8619472	0
917	156110	0.044242382	0
3661	155945	0.000148551390879	0
155971	6347	0.954852776416	1
155030	4314	0.0056880023	0
156110	6347	0.9829805	1
19	155971	0.0028900066	0
155971	115362	0.809755455514	0
7852	156110	0.00163678305458	0
155971	6351	0.70641553	1
6998	155971	0.0028715066	0
155030	100862696	0.721450622987	0
2028	155908	0.0026148665	0
155807	4790	0.999110432822	1
347376	155030	0.983637895647	0
3502	155971	0.0270088545489	0
60489	155459	0.999999950057	0
100616444	155030	0.866317254115	0
155030	10015	0.954339561508	0
54106	155971	0.05644081	0
155030	148362	0.00011109902	0
156110	7124	0.928959746284	1
100689229	155030	0.00160164935759	0
155030	100689229	0.00236803453366	0
155030	27074	0.00049738964	0
155030	10521	0.016480034	0
155030	100616444	0.756042285718	0
1387	155971	0.00017882272	0
155945	5817	0.789859118787	1
6285	155908	0.709332438319	0
155971	801	0.999999967328	0
310	155030	0.0047704163	0
1493	156110	0.00676757297544	0
155971	28910	0.22274579	0
155971	3586	0.0756466696264	1
6596	155807	0.721031579493	0
155971	4153	4.045644e-06	0
3732	155030	1.0696337e-07	0
155971	974	0.40048346	1
861	155459	0.189848152135	0
156110	238	0.98364645	1
1421	155030	0.0037807724	0
156110	3106	0.754573188602	1
155971	3502	0.174107111572	0
156110	5599	0.055966455	1
79966	155971	0.019246649	0
155971	6387	0.691764556787	1
155807	3916	0.99984646	1
653820	155807	0.01735272	0
156110	256987	0.999875920081	1
821	155971	0.146063327113	0
155971	4780	0.998710331819	1
155030	684	0.7902083	0
155030	1629	0.00163944814491	0
155030	3565	0.0702865403971	1
8835	155459	0.10479946	0
155348	8941	0.00013150093	0
155807	5886	0.891080362018	1
1109	155971	7.906367e-07	0
5621	155971	0.00081320823	0
1669	155971	0.185729508218	1
155971	51497	4.46067359716e-07	0
155971	10226	0.588568809638	0
2720	155971	0.18185362	0
19	156110	0.055991553	0
5594	155030	0.163058085654	0
6402	155030	0.0012527023	0
155807	3725	0.999581418086	1
728378	155030	0.0681909682561	0
155971	834	0.99974996	1
156110	684	0.999204375339	1
347376	155807	2.0250883e-09	0
27067	155908	0.428871592117	0
865	155459	0.987422234411	0
155971	2745	0.507285727456	0
3558	155971	0.0019891437	0
155807	836	0.35663253	1
22914	155945	0.232947833254	0
156110	925	0.0104043739439	1
256987	156110	0.996796002566	0
920	155971	1.0	0
155459	865	0.999997489888	1
347376	155971	0.0728291966435	0
155971	28299	1.0	0
155971	2187	0.999999863825	0
10714	155348	0.50714344	0
155030	3735	0.990070693377	0
156110	7253	0.0488089975723	0
156110	60489	0.120850842633	0
5478	155030	0.999929951366	1
973	155971	0.0012103936	0
155971	30816	0.000132662019428	0
6737	155030	0.77499014	0
5478	156110	0.0291386321349	0
156110	5817	0.00751581541719	1
3178	155971	0.36583224	1
1029	155030	0.927717495479	0
155971	4843	7.592126e-05	1
925	155459	7.380122e-07	0
155971	5122	0.00179901075955	0
155971	51311	0.46396613	0
54205	155807	1.2118425e-16	0
6772	155971	6.392008e-05	0
653820	155971	2.86084145262e-09	0
155971	19	0.99992955	0
148362	155030	0.9984163	0
155971	10959	0.351134042701	0
155971	10410	0.0018779375	1
25939	155807	0.00255824455522	0
7020	155971	0.291903916826	0
155030	6737	0.78965896	0
4869	155908	0.293241266931	1
5713	155807	0.0014909017	0
156110	4594	0.027753524	0
3777	155945	0.631496216676	0
155908	653108	0.0030315746596	0
155971	4790	0.06534899	1
156110	6285	0.999999934186	0
155030	4320	8.905217e-06	0
155908	6285	0.494877340586	0
155971	54106	0.9576714	1
155908	100271694	1.578333e-05	0
100862696	155030	0.0515447560257	0
155030	1421	0.004028998	0
3267	155908	0.1484174	0
155908	10492	0.0247473049358	0
155030	8941	1.3681073e-06	0
155807	25939	0.999789816273	0
2332	155908	0.461595499004	0
8065	155459	0.999992006454	0
155807	842	0.028306259	1
155348	10714	0.22641781	0
6426	155971	1.84769675016e-06	0
3385	155971	0.999837479732	0
155807	10980	0.0007602532	0
155030	10959	0.415491217752	0
155945	1128	0.01212861	0
155459	200316	1.0	1
5901	155030	0.015697172	1
155971	3700	0.976005049845	0
6998	155030	0.0011454271	0
3106	155030	0.988888190174	0
8941	155348	8.2736966e-07	0
3840	155807	0.0467929840896	0
155030	7251	0.979691598233	0
684	155945	0.999986747463	0
30816	155945	0.00671229382197	0
3700	155971	0.899185505867	0
155908	4869	0.00463524875667	0
3135	156110	0.0290125759531	0
3603	155971	0.19997366	0
100616444	155945	0.0199732433067	0
7432	155971	3.8931007e-06	1
6693	155971	0.362642166354	0
155908	3267	0.00058621285	1
155971	4513	0.99999404	0
156110	11337	0.558886	1
156110	1435	0.970374650352	0
155971	1109	1.1917856e-06	0
156110	2736	0.0483180175616	0
155971	80279	0.0464536434703	0
920	155459	0.00298057671375	0
155030	1489	0.046917763	0
9733	155871	0.608659093583	1
155971	347376	0.0728291966435	0
6348	155971	0.806425672187	0
940	156110	0.970228904704	0
155030	5478	0.999676367688	0
920	156110	0.999988421727	0
5062	156110	0.875145175328	0
155348	10075	0.541261594815	0
155971	5933	0.9980356	0
10980	155807	0.0007602532	0
2745	155971	0.730430436592	1
23547	156110	0.342151314925	0
5122	155971	0.998024596236	0
155971	6998	0.04699769	0
155030	7329	0.37429854	0
156110	55690	0.22063503	0
155030	975	0.883834707185	0
155971	5599	0.99970624068	1
51311	155971	0.21691073	0
155030	286	0.160004043344	0
6402	155971	0.259168763528	0
156110	3932	1.0	1
10015	155030	0.998707503416	1
387	155030	0.020367391	1
155807	55540	0.255824015189	0
155971	3384	0.99775785	0
155807	81559	0.999472412628	1
5933	155971	3.6145557e-12	0
155807	347376	5.5566854e-08	0
904	155871	0.324199159976	0
155971	30835	0.999607032808	1
3622	155908	4.451869e-05	0
156110	7852	0.996121859169	1
920	155945	0.999999994309	0
10075	155348	0.452166539542	0
155807	6596	0.858419757547	1
155807	10959	0.19591145	0
1392	155971	4.988582e-07	0
23241	156110	2.0725138e-10	0
7422	155871	1.72147245192e-06	0
1629	155030	2.01002219424e-07	0
155348	51014	0.0005018311	0
156110	7020	0.495462375763	0
3704	155908	0.00309337367607	0
155030	79719	0.0016277984	0
1272	155971	0.07881472	0
925	155030	0.543016747278	0
29110	156110	0.000309531514919	0
155030	920	0.929647925427	0
155908	3458	0.13262303	0
972	155945	0.194942696749	0
155807	3735	0.882513450982	1
156110	917	0.044242382	1
115362	155971	0.017498989202	0
4481	156110	3.857591e-14	0
155030	6402	9.153195e-06	0
3458	155971	0.245736333037	0
155908	2332	0.164074259154	0
1653	155908	0.96419317928	0
5599	156110	1.6292226e-13	0
7251	155030	0.997651990743	1
155971	79966	0.019246649	0
155971	3458	0.681217312117	1
155908	100616444	2.6592648e-05	0
6285	155945	0.35041803	0
155030	310	0.0013263286	0
155030	3106	0.878461935912	1
100129339	155030	5.4309986e-08	0
7474	155971	0.0626638958361	0
155908	103	0.001332388	0
238	156110	1.0007391e-05	0
2736	156110	0.0244689198208	0
155971	3107	0.9971023	1
10226	155971	0.265789343727	0
155030	81030	0.00663416502927	0
155871	904	0.327858476728	1
84268	155908	0.757432015227	0
2028	155030	0.12355833	0
55540	155807	0.255824015189	0
286	155030	0.086389788878	0
3848	155908	0.030601334	0
3932	155971	0.029988566	0
54472	155971	2.0708878e-06	0
1056	155971	0.06225388	1
1435	156110	0.00100575451234	0
156110	2534	0.997516631045	0
7329	155030	0.017859308	0
983	155908	0.95427793	0
4780	155971	1.30515230956e-07	0
51014	155348	0.0005018311	0
7374	155459	0.101382306871	0
155030	5901	0.0007666514	0
155030	7020	0.502047140075	0
155971	925	0.999965954509	1
10657	155908	0.271841997165	0
5599	155971	0.232894503217	0
155971	3178	0.04136301	0
156110	23547	0.331711748659	0
155030	6285	0.32997546584	0
156110	3606	0.965724069077	1
155971	684	0.003544209	0
80279	155971	0.0	0
155971	50863	0.99986494	0
155030	3456	0.32676166	0
6921	155459	0.296522336993	1
9648	156110	0.01327142	0
155971	7124	0.999938077223	1
28299	155971	0.928405918105	0
1236	155971	0.3406951	0
4691	155908	0.689915871077	0
155971	7852	1.0	1
48	155908	0.139586647686	0
155971	963	0.00011550788	0
92421	155030	0.00020990551	1
5817	155945	0.384147764418	0
155971	28981	0.9907088	0
155971	1392	3.8325954e-05	0
155030	24137	0.319495650275	0
155971	6890	0.0312678552124	0
155459	861	0.506817141133	1
6890	155971	1.63490768976e-05	0
10959	155971	0.262275483134	0
155030	302	0.663134834075	0
155871	100187828	0.95021325	0
4153	155971	0.99924856	0
3055	156110	0.999450382775	0
1984	155908	0.663706022228	0
3558	156110	0.0313291815813	0
30816	155908	0.00123045318103	0
156110	23241	0.79856145	0
10673	155971	0.53744185	0
155908	48	0.216103821838	0
155971	6693	0.999399281805	1
155971	6426	3.95000707755e-05	0
155030	54732	0.0178791991149	0
155030	54539	0.00535739518501	0
155945	972	0.871036254488	0
100616444	155971	0.0268720340334	0
155807	3836	0.0165589730948	0
155971	7020	0.87794102117	1
155971	5045	0.907348831406	1
155971	54472	0.28830054	1
8945	155945	0.272121130722	0
407007	155971	2.3336308e-05	0
155971	6774	0.00824675	1
4320	155030	3.4636138e-05	0
5524	155030	7.361586e-18	0
155971	3329	8.359241e-07	0
155971	100689229	0.024783617	0
51311	155030	0.000152745395549	0
841	155807	5.3157182e-05	0
85363	155030	0.0005992305	0
2534	156110	9.41784129682e-07	0
155971	1232	0.2777829	0
155908	30816	0.00678883354745	0
155971	10673	0.53744185	0
3916	155807	0.039840627	0
100313781	156110	0.05686677	0
5045	155971	0.974780184368	0
156110	3105	0.931095976962	1
155971	818	0.859087213247	0
7020	156110	0.430318477962	1
25939	155459	7.639771e-07	0
29082	155030	0.249902117384	1
5903	155908	1.1545827e-05	1
1234	155030	0.0035952714	0
155945	6285	0.35041803	0
974	155971	0.40048346	0
155030	6426	0.0028271247	0
155971	100616444	0.0246542274833	0
155971	653820	0.003567556461	0
3565	155971	0.470602209996	0
1755	155971	0.5972818	1
6667	155030	0.659695508136	0
155459	10959	0.0024425106	0
155971	2720	0.35388497	0
155971	920	1.0	1
155459	684	0.989003	0
155971	6348	0.806425672187	1
155971	1056	0.13203946	0
155945	3777	0.893862114506	0
155908	84268	3.96375073475e-06	0
3735	155807	0.955644814244	0
10959	155807	0.32676166	0
155945	4738	0.730658528801	0
9564	155807	0.889467995951	0
156110	3135	0.962633631053	1
60489	155030	0.239769950302	1
3586	155971	0.0756466696264	0
10656	155908	0.007043166	1
155971	7432	0.9915279	0
3458	155030	0.434605605799	0
155030	834	0.147811102835	0
155971	821	0.999999694825	0
155971	1803	0.999999137708	1
81030	155030	7.9730851671e-05	0
155971	6402	0.0292252917403	1
155030	653820	0.00285435543999	0
155908	728378	0.995006721681	0
55170	155908	3.3024913e-05	0
351	155971	0.12478659	0
4738	155945	0.953866079492	0
155945	30816	0.0142099823365	0
155971	1669	0.214980463845	0
155030	3732	0.16328785	0
156110	29110	0.999202873704	0
155908	27067	0.218060740577	0
1234	155971	1.0	0
156110	3055	0.999994718898	1
54539	155030	0.00599100780405	0
155459	164668	0.999996224038	1
7124	156110	0.191588612123	0
155908	1984	0.550189803631	0
155459	652070	0.029767564	0
156110	5058	0.030150995	1
155807	3840	0.460212622666	0
8941	155030	0.00024623988	0
155871	9733	0.144506245161	0
1232	155971	0.04894559	0
100616444	156110	0.69763297	0
155908	10656	0.020980313	0
155459	8453	0.103169494601	0
10959	156110	0.00343321864087	0
155459	25939	0.989003	0
156110	57026	0.01242234	0
3569	155971	0.267884247786	0
653820	155030	0.00590675985754	0
155030	728378	0.830347208384	0
926	156110	3.7663945e-08	0
7040	155971	0.486339544315	0
60489	156110	0.120850842633	0
29110	155459	0.00088147604	0
10959	155459	5.608285e-06	0
155030	5524	0.011277861	1
156110	22914	0.992827536086	1
155971	100	0.99978226	1
156110	10399	0.977786536003	0
155971	3603	0.017946577	0
684	155030	4.7082416e-05	1
30816	155030	0.609456348965	0
3091	155807	0.911599668736	0
155030	29082	0.997925039726	0
155348	653820	1.751692e-05	0
155030	925	1.0	0
156110	940	0.999818886231	1
155971	3558	0.062643036	1
3107	155971	2.3112661e-11	0
156110	9648	0.84721595	0
155030	676	0.08051282	0
155807	10714	0.10019891	0
3606	156110	0.032114174119	0
155807	3838	0.308759178009	0
155908	2028	0.0010045198	0
156110	10959	2.00600312158e-05	0
155459	100616444	0.0225226435985	0
57026	156110	0.01242234	0
100616444	155459	0.00132874655163	0
28910	155971	0.00032809842	0
155971	6772	0.00059653004	1
2187	155971	0.0758773462135	0
155030	4758	0.12621842	0
6347	156110	0.008762464	0
6351	155971	2.927965e-09	0
155971	4738	9.025255e-07	0
51014	155030	0.29600835	0
164668	155459	0.999997315417	0
4360	155971	0.162339198192	0
4790	155807	0.000699475785923	0
156110	3107	0.34499267557	1
155030	200316	0.000838208732125	0
155945	920	1.0	1
836	155807	0.39009982	0
155030	2028	0.0005030435	0
684	156110	0.999878582981	0
8941	155807	9.2702046e-10	0
155971	3565	0.469940929867	1
155030	998	0.05900896	0
155807	54205	4.6451492e-05	0
11337	156110	0.003074322	0
10959	155348	0.0992968490102	0
652070	155971	0.0014352998	0
155908	3700	3.848762e-07	0
155807	841	0.0062374785	1
10642	155030	0.273081595605	1
155871	7422	1.0	1
3106	156110	0.183170452552	0
155971	4982	0.989306013429	0
100271694	155908	9.90162e-14	0
3612	155807	0.990205277332	0
81559	155807	0.865005940236	0
5901	155908	0.17909154	1
11168	155908	0.660812062386	0
3384	155971	6.507879e-09	0
155945	3661	1.0	0
26996	155971	0.018295418	0
963	155971	0.17893043	0
55690	156110	5.3496143e-07	0
28981	155971	3.4871682e-08	0
10521	155030	0.24566014	1
652070	155459	2.0928956e-05	0
155030	1029	0.025596471948	0
155908	55170	0.0010744471	0
156110	926	4.130958e-07	1
4790	155971	0.00012673317	0
155971	2028	0.853300122219	0
155807	5713	0.9700759	0
156110	19	5.85295e-05	1
100616444	155908	6.845035e-07	0
155871	5813	0.824985929673	1
156110	5062	0.98888997832	1
4513	155971	1.7724807e-07	0
156110	100313781	0.89727044	0
155971	94025	0.9513512	0
920	155030	0.562352514454	0
3105	156110	0.000365800235749	0
818	155971	0.403166645156	0
155030	30816	0.686260939919	0
155030	6998	0.0011451943	0
9730	155807	0.629795168991	0
1154	155459	0.05402024	0
3574	155030	0.06483265	1
200316	155459	0.741159024298	0
155348	10959	0.919638838151	0
155971	1755	0.00061852176	0
155030	10642	0.395759238351	0
653108	155908	5.65130912678e-06	0
156110	1234	0.0061677876	1
155971	7474	0.797779218526	1
10399	156110	0.195139501294	0
155459	342574	0.44375792	0
155030	1437	0.00041692788	1
155807	8941	2.7141655e-07	0
1392	155030	0.00445836467221	0
155908	202559	0.16583438	0
10714	155807	6.0623937e-05	0
155030	85363	0.022963613	1
3700	155030	0.00019153958	0
356	156110	0.00106600781816	0
155030	51311	0.2210329034	0
1437	155030	0.00041692788	0
155908	5901	0.17909154	0
155030	947	0.0063872617	0
155459	1154	0.39362386	0
79719	155030	0.00036463403	0
4843	155971	0.467195	0
155030	10462	0.000790755917303	0
7020	155030	0.499103832938	0
4738	155971	3.3658097e-08	0
156110	4481	0.045665424	0
155971	1236	0.3406951	1
56655	155030	0.009812792	0
155030	100129339	4.908067e-07	0
155030	4734	0.0058528315	0
155971	4360	0.999205164876	1
8626	155348	0.115063764	0
128866	155030	0.0317057035753	1
200316	155030	0.0091885315044	0
342574	155459	0.44375792	0
7514	155030	0.015697172	0
155030	60489	0.789598139291	0
6285	156110	0.722296762261	0
925	156110	0.00211751063627	0
5886	155807	0.990347530189	0
155971	10714	0.000280522013267	0
155807	653820	0.002892678	0
155807	9564	0.975947961744	0
3700	155908	3.848762e-07	0
8453	155459	0.105122895767	0
155807	3091	0.997820897633	1
975	155030	6.81067600772e-06	0
7852	155971	0.971570917045	0
155945	8945	0.780273643353	1
155030	3700	2.251944e-06	0
155908	6194	0.1516762	0
156110	821	0.38867053	0
30816	155971	4.42485054819e-05	0
155459	7374	0.00774065119562	0
155030	387	0.008838574	0
156110	6714	0.3204342	1
842	155807	1.0943726e-05	0
821	156110	0.07249119	0
10492	155908	0.094982988468	0
3456	155030	0.19591145	1
5879	155030	0.836559342086	0
10410	155971	0.0018779375	0
30835	155971	0.848015827936	0
27074	155030	2.516475e-07	0
2	155971	0.28187844	0
155971	3932	0.029988566	1
155459	29110	0.00088147604	0
155971	2064	0.107008384581	0
155908	3704	0.00932716340329	1
155459	920	0.0182347798472	0
155971	5621	0.26864418	0
6194	155908	0.1516762	0
155030	347376	0.331973959001	0
26827	155908	2.3465876e-05	0
7433	155971	8.782772e-08	0
3838	155807	0.302814077683	0
2064	155971	9.10572178731e-05	0
155971	7040	0.999919362258	1
4314	155030	0.00852228	0
103	155908	0.001332388	1
94025	155971	0.10842296	0
834	155971	2.2845943e-05	0
6774	155971	0.0010214521	0
155971	2335	0.31197077	0
51497	155971	2.87146420441e-06	0
156110	920	1.0	1
10714	155971	2.37883046594e-11	0
4261	155030	0.0022750793	1
155971	407007	0.00010811986	0
155807	9730	0.117715684852	1
155971	8743	0.667496322049	1
801	155971	0.000244494442728	1
5058	156110	6.8405907e-06	0
155971	351	0.35116294	1
100	155971	0.0050443565	0
998	155030	0.0077702906	0
155908	983	0.015289359	0
155908	3622	0.0027564804	0
947	155030	0.0063872617	0
7253	156110	0.675623495225	0
155971	2	0.8335241	1
155908	3848	0.059210572	0
155971	3385	0.998940377748	0
3329	155971	0.0011473617	0
1128	155945	0.01212861	0
676	155030	5.821285e-10	0
3458	155908	7.4281603e-10	0
684	155459	7.639771e-07	0
156110	6774	0.0186015201821	1
50863	155971	8.354689e-09	0
6426	155030	0.0009781464	1
155030	3622	0.0017925021	0
1803	155971	0.0132367696505	0
155030	92421	0.0010565827	0
1524	155971	8.7698635e-07	1
156110	5478	0.00932746917429	1
155908	5903	0.8875279	0
155030	1508	0.692966635978	0
155871	3958	0.946640608092	1
155459	925	7.9309774e-07	0
6285	155030	0.411335998748	0
156110	3558	0.0313256618683	1
3735	155030	0.999993832414	0
155908	4691	0.675404981209	0
155030	6667	0.940066594535	1
155971	1234	1.0	1
155459	8835	0.07935695	0
155971	652070	0.0014352998	0
925	155971	0.181861034603	0
155971	7433	0.48048615	1
4758	155030	0.20201223	0
156110	100616444	0.7947757	0
5817	156110	0.894275502268	0
155908	10657	0.881611326597	1
155030	1392	0.00148950486406	0
155030	3458	0.422787708692	1
7514	155908	0.850747033958	1
155871	1673	0.999993223821	1
1234	156110	0.011062458	0
3932	156110	0.992848362734	0
155945	22914	0.983486113924	1
3565	155030	0.0037074445194	0
7124	155971	2.71823696885e-09	0
155971	1524	0.97977793	0
100689229	155971	0.024783617	0
155807	3612	0.813607307817	0
155908	1654	0.870275496479	0
24137	155030	0.999904853818	0
4982	155971	1.95547278934e-05	0
155971	1387	0.10301727	0
155945	100616444	0.0489817909622	0
653820	155348	4.565249e-05	0
22914	156110	0.131160734243	0
155030	5879	0.160722937744	1
155908	11168	0.617280965245	0
155908	26827	0.0009780476	0
728378	155908	0.996298699693	0
155971	973	0.0020175357	1
6387	155971	0.315122551039	0
155030	1234	0.0035952714	1
1489	155030	7.202257e-10	0
2028	155971	0.109117398945	0
155348	8626	0.115063764	0
6347	155971	5.86904487535e-05	0
155971	3569	0.000218614310389	1
155030	128866	0.0287162725002	0
155030	56655	0.04022397	0
155030	7514	0.0007666514	1
8743	155971	0.997653384409	0
155030	3574	0.0023799152	0
3622	155030	0.0012127142	0
1654	155908	0.0781187171464	1
2335	155971	0.31197077	0
5813	155871	0.824182965823	0
834	155030	0.0400674731403	0
3725	155807	0.210728714328	0
54732	155030	0.201924930425	0
6774	156110	0.0186015201821	0
