ENTITY1	ENTITY2	PROBABILITY	LABEL
155459	60489	1.0	1
155945	684	1.0	1
920	155971	1.0	0
155971	7852	1.0	1
155971	920	1.0	1
1234	155971	1.0	0
155945	920	1.0	1
156110	920	1.0	1
155971	1234	1.0	1
155459	200316	0.999999998439	1
156110	3932	0.999999998124	1
155030	925	0.999999994908	0
155971	1803	0.999999988521	1
155459	8065	0.999999958541	1
155971	2187	0.99999990203	0
920	155945	0.99999988902	0
155971	821	0.999999834863	0
60489	155459	0.999999642241	0
155971	28299	0.999999414801	0
156110	6285	0.99999702456	0
155971	4513	0.99999404	0
24137	155030	0.999991266489	0
155459	164668	0.999990998152	1
164668	155459	0.999981293103	0
155871	1673	0.999981107324	1
3735	155030	0.999973793726	0
155459	865	0.999969168235	1
156110	3055	0.999967800527	1
920	156110	0.999953367782	0
684	155945	0.999951326535	0
155971	19	0.99992955	0
155945	3661	0.999926797447	0
8065	155459	0.99988137339	0
5478	155030	0.999874507513	1
155971	50863	0.99986494	0
155807	3916	0.99984646	1
155971	7040	0.999833877846	1
155971	100	0.99978226	1
155971	834	0.99974996	1
155807	3725	0.999548623042	1
155971	925	0.999515350553	1
155030	5478	0.999468498521	0
3385	155971	0.999460444434	0
155971	801	0.999405323055	0
3055	156110	0.999273713048	0
155971	3385	0.999262142064	0
4153	155971	0.99924856	0
156110	256987	0.999221763151	1
155971	30835	0.998911680914	1
684	156110	0.998731871731	0
148362	155030	0.9984163	0
155807	4790	0.998166170737	1
155807	81559	0.998146228178	1
155971	5933	0.9980356	0
156110	940	0.998022599374	1
155971	3384	0.99775785	0
10015	155030	0.99748370933	1
7251	155030	0.997111345768	1
155971	3107	0.9971023	1
5122	155971	0.995967505437	0
155971	4360	0.995737185309	1
728378	155908	0.994232368572	0
155030	29082	0.993771852583	0
256987	156110	0.993345891213	0
155908	728378	0.99274919587	0
4734	155030	0.9924539	1
156110	29110	0.991898011321	0
155971	7432	0.9915279	0
155971	28981	0.9907088	0
155459	25939	0.989003	0
155459	684	0.989003	0
155807	3091	0.987687979789	1
8743	155971	0.985773661326	0
156110	684	0.983704385381	1
156110	238	0.98364645	1
865	155459	0.983271123305	0
156110	6347	0.9829805	1
155807	25939	0.982404421812	0
3932	156110	0.981016537454	0
156110	7852	0.980176973323	1
155971	1524	0.97977793	0
10959	155030	0.979215148934	0
155030	3735	0.979202350559	0
155971	4982	0.977635394893	0
155971	5599	0.976792838171	1
156110	5062	0.975849845251	1
155030	7251	0.973430428832	0
155971	3700	0.971387681234	0
156110	22914	0.97030225521	1
155807	5713	0.9700759	0
155459	6921	0.96681707113	0
7852	155971	0.965977961566	0
1653	155908	0.964440879253	0
5886	155807	0.96385090257	0
155971	54106	0.9576714	1
156110	3135	0.957363576641	1
3612	155807	0.956378147389	0
156110	10399	0.955750182814	0
155807	9564	0.955484940257	0
983	155908	0.95427793	0
155971	6347	0.952168352859	1
155971	94025	0.9513512	0
347376	155030	0.950837710747	0
155871	100187828	0.95021325	0
940	156110	0.946903838568	0
155030	10015	0.946207606545	0
155971	6693	0.940805162436	1
155971	7124	0.937752726332	1
155030	6667	0.932144839918	1
155971	4780	0.929795597072	1
3735	155807	0.927998876936	0
156110	2534	0.924776241079	0
1029	155030	0.921037921768	0
155871	7422	0.920736183296	1
156110	3105	0.917305172763	1
1508	155030	0.91393590571	1
155030	920	0.910708821344	0
156110	3606	0.907499361567	1
155945	22914	0.902354885992	1
156110	100313781	0.89727044	0
28299	155971	0.893532039365	0
5045	155971	0.889417721196	0
4738	155945	0.889329346375	0
155908	5903	0.8875279	0
5817	156110	0.884557677792	0
155871	3958	0.876365740793	1
3091	155807	0.874422366495	0
155908	7514	0.872443250039	0
9564	155807	0.869309907233	0
156110	7124	0.863427710543	1
684	155971	0.8619472	0
3106	155030	0.85986836481	0
155971	7020	0.85886378059	1
155945	972	0.856453471544	0
155348	10959	0.851709872194	0
156110	9648	0.84721595	0
155807	6596	0.846539148515	1
7514	155908	0.842610816671	1
155807	3735	0.839271277623	1
155945	3777	0.83733318393	0
155908	1654	0.835209568727	0
155971	2	0.8335241	1
155030	975	0.827941556195	0
5813	155871	0.826225438057	0
3700	155971	0.807952691747	0
155908	1653	0.805360574029	0
81559	155807	0.79857969801	0
156110	23241	0.79856145	0
156110	100616444	0.7947757	0
155030	728378	0.792700642832	0
155030	684	0.7902083	0
155030	6737	0.78965896	0
155971	2028	0.788883894997	0
100616444	155030	0.783189220017	0
156110	1435	0.780757675913	0
6737	155030	0.77499014	0
6348	155971	0.770518664355	0
155971	6348	0.770518664355	1
30835	155971	0.767210039682	0
155908	10657	0.761907520842	1
155871	5813	0.739838560786	1
155945	5817	0.733023020643	1
84268	155908	0.72672150493	0
155030	100616444	0.718917172206	0
1673	155871	0.709721057463	0
155971	818	0.706982952027	0
155971	6351	0.70641553	1
200316	155459	0.705068035797	0
155971	5045	0.704981329854	1
155807	5886	0.699921400325	1
100616444	156110	0.69763297	0
5062	156110	0.68990766865	0
2745	155971	0.689364288615	1
6285	155908	0.687719281987	0
155971	115362	0.683030856324	0
4691	155908	0.673357375413	0
155030	3106	0.672582569637	1
156110	356	0.671283176304	1
156110	3106	0.665613529107	1
155971	6387	0.660820390078	1
155030	30816	0.652817071862	0
155971	8743	0.648712507724	1
6285	156110	0.645227192301	0
155908	4691	0.644998401545	0
1984	155908	0.634920647968	0
6667	155030	0.632058266073	0
155807	3612	0.630888596728	0
155971	7474	0.629533111479	1
155971	3458	0.615559179981	1
7253	156110	0.598255037494	0
1755	155971	0.5972818	1
5879	155030	0.596861766742	0
155945	8945	0.591344447501	1
11168	155908	0.582482881297	0
155908	11168	0.578265614314	0
30816	155030	0.572422370795	0
3107	156110	0.571715003817	0
155971	10226	0.57020758719	0
155945	4738	0.563351191768	0
156110	11337	0.558886	1
155030	60489	0.553473634972	0
155030	302	0.54589992698	0
9730	155807	0.544512673507	0
6596	155807	0.539502926611	0
10673	155971	0.53744185	0
155971	10673	0.53744185	0
155030	100862696	0.536358747948	0
818	155971	0.532181496965	0
155908	1984	0.527244718397	0
3777	155945	0.524902144023	0
920	155030	0.520419501189	0
10714	155348	0.50714344	0
155348	10075	0.501802019334	0
155030	7020	0.49980498347800006	0
7020	155030	0.49897734720099995	0
155971	7433	0.48048614999999995	1
155908	6285	0.4722471856420001	0
4843	155971	0.467195	0
155971	51311	0.46396613	0
155971	2745	0.458054390132	0
302	155030	0.453874164498	0
7040	155971	0.45237297587299996	0
3569	155971	0.452251873984	0
925	155030	0.44476384080200004	0
155459	342574	0.4437579199999999	0
342574	155459	0.4437579199999999	0
3458	155030	0.4276189974810001	0
5599	155971	0.418324051007	0
10075	155348	0.41361323562600005	0
155030	10959	0.40825338919	0
6693	155971	0.40101359513199997	0
155971	974	0.40048346	1
974	155971	0.40048346	0
156110	23547	0.3968557700690001	0
23547	156110	0.39685514237100006	0
155459	1154	0.39362385999999994	0
836	155807	0.39009982	0
156110	821	0.38867052999999996	0
156110	7020	0.38098750266399994	0
155030	7329	0.37429854000000007	0
3178	155971	0.36583224000000003	1
9733	155871	0.359175073857	1
155807	836	0.35663252999999995	1
155971	2720	0.35388496999999997	0
155971	351	0.35116294000000003	1
156110	3107	0.35059251008899994	1
6285	155945	0.35041802999999994	0
155945	6285	0.35041802999999994	0
155971	3565	0.3474161588110001	1
5817	155945	0.345677557989	0
27067	155908	0.34315406829899997	0
1236	155971	0.34069510000000003	0
155971	1236	0.34069510000000003	1
155030	3458	0.33171617048	1
155030	3456	0.32676166000000006	0
10959	155807	0.32676166000000006	0
155459	861	0.32501781416199993	1
156110	6714	0.3204342	1
155030	51311	0.31349339632999995	0
7020	156110	0.31285955686200007	1
155971	2335	0.31197077000000006	0
2335	155971	0.31197077000000006	0
155971	1669	0.304931300338	0
7020	155971	0.30068581257000004	0
51014	155030	0.2960083499999999	0
155030	10642	0.29442995128499994	0
155871	904	0.288629681456	1
155971	54472	0.28830054000000005	1
2332	155908	0.284797899239	0
904	155871	0.2822895820260001	0
2	155971	0.28187844000000006	0
155030	347376	0.281502097249	0
155971	1232	0.27778290000000005	0
6921	155459	0.27570224801	1
1669	155971	0.273471922409	1
155030	1508	0.27273785926000005	0
155807	55540	0.27136762305999995	0
55540	155807	0.27136762305999995	0
10226	155971	0.2701901639140001	0
155971	5621	0.26864418	0
6402	155971	0.26162854592000007	0
10521	155030	0.24566014000000003	1
22914	155945	0.23847133311000002	0
155971	2064	0.236753827674	0
6387	155971	0.235437265098	0
155348	10714	0.22641781000000005	0
155971	28910	0.22274579000000005	0
3838	155807	0.22155992744600006	0
156110	55690	0.22063502999999995	0
51311	155971	0.21691072999999994	0
155030	6285	0.21599549028300002	0
155971	3576	0.21556622999999997	1
3565	155971	0.21005701283	0
155807	3838	0.20912024942100005	0
6285	155030	0.206385512772	0
7474	155971	0.20551521188599997	0
29082	155030	0.203592628918	1
3458	155971	0.203335605041	0
10399	156110	0.20203010179199998	0
4758	155030	0.20201223000000001	0
3603	155971	0.19997365999999994	0
972	155945	0.19753963655499995	0
155807	10959	0.19591145	0
3456	155030	0.19591145	1
155971	80279	0.19561848277299998	0
8945	155945	0.19125923957299995	0
155807	3840	0.186811679138	0
2720	155971	0.18185362000000005	0
155971	3502	0.18090476472600003	0
3106	156110	0.180485440788	0
5901	155908	0.17909153999999994	1
155908	5901	0.17909153999999994	0
963	155971	0.17893042999999997	0
54732	155030	0.173083918728	0
10492	155908	0.16921493168800006	0
156110	60489	0.16893571236999994	0
60489	156110	0.16893571236999994	0
155908	202559	0.16583437999999995	0
155030	3732	0.16328785	0
155908	6194	0.15167620000000004	0
6194	155908	0.15167620000000004	0
7124	156110	0.15141868821799997	0
4869	155908	0.15080639370900006	1
155908	27067	0.15073204302499998	0
4360	155971	0.14844709857400007	0
3267	155908	0.14841740000000003	0
10642	155030	0.14523318332400004	1
22914	156110	0.14065835026899998	0
156110	6774	0.14032344512100003	1
6774	156110	0.14032344512100003	0
861	155459	0.13601467531900002	0
8453	155459	0.13382283507500004	0
155908	3458	0.13262302999999998	0
155971	1056	0.13203946	0
155030	24137	0.127685376892	0
156110	1493	0.12726151076799996	1
155030	4758	0.12621842000000005	0
155971	10959	0.12496752988299997	0
351	155971	0.12478659000000003	0
2028	155030	0.12355833000000005	0
155030	286	0.12277392870299997	0
3725	155807	0.12240644379200005	0
155459	8453	0.12124250921300006	0
10959	155971	0.11981993787699996	0
155908	48	0.11594993369899997	0
925	155971	0.11516699955499998	0
8626	155348	0.11506376399999996	0
155348	8626	0.11506376399999996	0
60489	155030	0.11397261382799995	1
10657	155908	0.11244942772800004	0
155030	3565	0.11201731884400001	1
202559	155908	0.10997248000000004	1
94025	155971	0.10842295999999996	0
155030	834	0.10758212765100006	0
8835	155459	0.10479945999999996	0
155971	1387	0.10301727000000005	0
155807	10714	0.10019891000000003	0
3958	155871	0.10003560552800006	0
7374	155459	0.09796153735550006	0
10462	155030	0.09682906617870002	0
155807	9730	0.0894664611871	1
821	155971	0.08877753795249999	0
1493	156110	0.08875090284510001	0
155971	3586	0.08835359391609998	1
3586	155971	0.08835359391609998	0
347376	155971	0.08723690315139998	0
155971	347376	0.08723690315139998	0
155871	9733	0.0819127617505	0
728378	155030	0.08109745721750006	0
155030	676	0.08051282000000004	0
155459	8835	0.07935694999999998	0
155908	2332	0.07917320354939994	0
155971	1272	0.07881472	0
1272	155971	0.07881472	0
155908	10492	0.07569096298800004	0
48	155908	0.07459566256640005	0
155030	5879	0.0735993817699	1
155030	81030	0.07341660233009994	0
821	156110	0.07249119000000004	0
200316	155030	0.07136390184740005	0
1654	155908	0.07091814728769996	1
286	155030	0.07058720923549999	0
155971	4790	0.06534898999999994	1
5478	156110	0.06501178507789995	0
5594	155030	0.06489940795720006	0
3574	155030	0.06483265000000005	1
155971	3558	0.06264303599999999	1
1056	155971	0.062253879999999984	1
10959	155348	0.06020826960229997	0
155459	100616444	0.06006249875199998	0
3836	155807	0.05999631542780004	0
155971	6890	0.05954224140109998	0
155908	3848	0.05921057200000002	0
155030	998	0.05900896	0
100313781	156110	0.056866769999999955	0
54106	155971	0.05644081000000001	0
155908	653108	0.056196063201499946	0
19	156110	0.05599155300000003	0
156110	5599	0.05596645499999997	1
155030	5594	0.054717517183800024	1
1154	155459	0.05402024000000005	0
155030	54539	0.04902995022919998	0
1232	155971	0.04894558999999998	0
155971	6998	0.04699768999999998	0
155030	1489	0.046917762999999946	0
156110	4481	0.045665423999999954	0
3606	156110	0.0450684091329	0
917	156110	0.04424238199999997	0
156110	917	0.04424238199999997	1
155908	3704	0.04226400721500001	1
155971	3178	0.04136300999999998	0
155030	56655	0.04022397	0
3916	155807	0.03984062700000002	0
2187	155971	0.03978706991439995	0
54539	155030	0.037634594313600056	0
3558	156110	0.0373139385954	0
2028	155971	0.035210304829199957	0
156110	3558	0.03516621347610005	1
156110	7253	0.03489101948369999	0
156110	2736	0.032833260903200046	0
3458	156110	0.031708862999999976	0
156110	3458	0.031708862999999976	1
3848	155908	0.03060133399999998	0
156110	5058	0.030150994999999958	1
3932	155971	0.029988565999999994	0
155971	3932	0.029988565999999994	1
100862696	155030	0.02982018138779996	0
155971	6402	0.029811590670399957	1
155459	652070	0.029767564000000024	0
3502	155971	0.029409584902500008	0
3840	155807	0.029113953336999954	0
115362	155971	0.028821470634900037	0
155807	842	0.028306259000000056	1
155945	100616444	0.02785783346040005	0
156110	4594	0.027753523999999974	0
128866	155030	0.026432866023400003	1
155971	100689229	0.02478361699999998	0
100689229	155971	0.02478361699999998	0
156110	5478	0.023719874979799993	1
155030	85363	0.02296361300000005	1
155908	10656	0.020980313000000028	0
155030	128866	0.020895207977499997	0
155030	1029	0.02067739806750002	0
387	155030	0.020367390999999957	1
79966	155971	0.01924664899999995	0
155971	79966	0.01924664899999995	0
10959	156110	0.019207038800200027	0
2736	156110	0.018753983305500044	0
155030	200316	0.01869661614420004	0
26996	155971	0.018295418000000008	0
155971	3603	0.01794657700000002	0
7329	155030	0.017859308000000018	0
3135	156110	0.017530626766400048	0
653820	155807	0.017352719999999988	0
155030	54732	0.017274476317900023	0
155908	30816	0.016552925848200006	0
155030	10521	0.016480033999999977	0
25939	155807	0.01611882841019996	0
100616444	155971	0.015761054725400014	0
5901	155030	0.01569717199999998	1
7514	155030	0.01569717199999998	0
1392	155030	0.015560873255199947	0
3704	155908	0.015537177115499956	0
155908	983	0.015289358999999947	0
1435	156110	0.015244270134299964	0
155971	100616444	0.015101356711400005	0
9648	156110	0.013271420000000034	0
3565	155030	0.012976944528400036	0
834	155030	0.012785338883499975	0
100616444	155945	0.012591231599500041	0
156110	57026	0.012422339999999976	0
57026	156110	0.012422339999999976	0
155945	1128	0.012128609999999984	0
1128	155945	0.012128609999999984	0
155945	30816	0.011365609049999947	0
155030	5524	0.011277860999999945	1
1234	156110	0.011062458000000053	0
155030	1392	0.01090167609829995	0
56655	155030	0.009812791999999959	0
155030	387	0.008838573999999988	0
6347	156110	0.008762464000000025	0
4314	155030	0.008522279999999993	0
155971	6774	0.00824674999999997	1
155971	3569	0.007974724009049972	1
998	155030	0.007770290600000007	0
81030	155030	0.007766849986269975	0
1803	155971	0.007492255211470011	0
100616444	155459	0.007439681887669969	0
10656	155908	0.00704316599999999	1
30816	155908	0.00685718110736	0
155807	3836	0.006809085979579965	0
6714	156110	0.0066887563999999955	0
356	156110	0.006675329195260038	0
155030	947	0.006387261700000035	0
947	155030	0.006387261700000035	0
155807	841	0.006237478500000004	1
30816	155945	0.006188385163629961	0
156110	1234	0.00616778760000003	1
155030	4734	0.005852831500000044	0
2064	155971	0.005788749063999954	0
155030	4314	0.005688002299999995	0
155459	7374	0.00567018433194999	0
100	155971	0.0050443565000000135	0
156110	925	0.004951553740940029	1
310	155030	0.004770416299999969	0
51311	155030	0.0042577848176900135	0
155030	1421	0.004028998000000006	0
801	155971	0.003852380974640024	1
155459	920	0.003827685094540012	0
1421	155030	0.0037807723999999654	0
1234	155030	0.003595271400000044	0
155030	1234	0.003595271400000044	1
155971	684	0.003544208999999965	0
156110	5817	0.0033757414401299757	1
155971	10714	0.0032441059071299794	0
11337	156110	0.003074322000000018	0
155807	653820	0.0028926780000000374	0
19	155971	0.00289000660000005	0
6998	155971	0.002871506600000018	0
155030	6426	0.0028271247000000166	0
653108	155908	0.0028010629697799994	0
155908	3622	0.002756480399999983	0
155971	653820	0.002655706674210001	0
2028	155908	0.0026148664999999793	0
155459	10959	0.002442510600000003	0
155030	3574	0.0023799152000000268	0
155971	30816	0.002365107632450014	0
4261	155030	0.002275079300000038	1
155971	973	0.0020175356999999616	1
3558	155971	0.001989143700000029	0
155971	10410	0.001877937499999982	1
10410	155971	0.001877937499999982	0
155908	4869	0.001828252483500048	0
155030	3622	0.0017925021000000374	0
6890	155971	0.001714390000509991	0
155030	100689229	0.0016854010559299581	0
155030	1629	0.0016646256926799996	0
155030	79719	0.0016277984000000467	0
920	155459	0.0015650335327900278	0
5713	155807	0.0014909016999999913	0
652070	155971	0.0014352998000000117	0
155971	652070	0.0014352998000000117	0
156110	10959	0.0014089154488700073	0
653820	155030	0.0013544023600400301	0
155908	103	0.0013323880000000177	0
103	155908	0.0013323880000000177	1
155030	310	0.0013263286000000374	0
6402	155030	0.0012527022999999637	0
3622	155030	0.0012127142000000202	0
973	155971	0.0012103935999999704	0
925	156110	0.001188463211809987	0
3329	155971	0.0011473616999999603	0
6998	155030	0.001145427099999985	0
155030	6998	0.0011451943000000409	0
7852	156110	0.001091533782869969	0
100689229	155030	0.0010749985414699736	0
155908	55170	0.0010744471000000422	0
155030	92421	0.001056582699999975	0
30816	155971	0.001022446862970039	0
6774	155971	0.001021452100000042	0
155908	2028	0.0010045198000000477	0
6426	155030	0.0009781464000000462	1
155908	26827	0.000978047599999976	0
6347	155971	0.000976550336544979	0
155971	5122	0.000974604594827011	0
29110	155459	0.0008814760399999955	0
155459	29110	0.0008814760399999955	0
5621	155971	0.0008132082299999732	0
155030	5901	0.0007666513999999847	0
155030	7514	0.0007666513999999847	1
155807	10980	0.0007602531999999496	0
10980	155807	0.0007602531999999496	0
155030	653820	0.0006273800253080442	0
155971	1755	0.0006185217599999904	0
3105	156110	0.0006022378749169777	0
85363	155030	0.000599230499999992	0
155971	6772	0.0005965300400000428	1
155908	3267	0.0005862128500000452	1
155030	2028	0.0005030434999999667	0
155348	51014	0.0005018311000000164	0
51014	155348	0.0005018311000000164	0
155908	84268	0.0005010472898789864	0
155030	27074	0.0004973896400000122	0
155030	1437	0.00041692788000002867	1
1437	155030	0.00041692788000002867	0
79719	155030	0.0003646340299999773	0
51497	155971	0.00033704939523104827	0
28910	155971	0.00032809842000003364	0
155971	26996	0.00032619436000003166	0
2534	156110	0.000315767970913039	0
4790	155807	0.00031238903371699767	0
975	155030	0.00028142174441403434	0
7422	155871	0.0002716041399369873	0
8941	155030	0.00024623988000005426	0
4780	155971	0.00023951014794798553	0
29110	156110	0.00022835243850505282	0
92421	155030	0.0002099055099999969	1
3700	155030	0.0001915395799999553	0
1387	155971	0.00017882272000002697	0
155971	51497	0.00014439404116795007	0
155348	8941	0.00013150093000002805	0
4790	155971	0.00012673317000000406	0
155971	963	0.00011550788000003198	0
155030	148362	0.00011109901999994953	0
155971	407007	0.00010811986000003326	0
155971	4843	7.592126000000032e-05	1
6772	155971	6.392008000000171e-05	0
10714	155807	6.0623937000015005e-05	0
156110	19	5.852949999995971e-05	1
841	155807	5.315718200005204e-05	0
155030	10462	5.2080481157457115e-05	0
3576	155971	4.8639333000033425e-05	0
684	155030	4.7082416000043814e-05	1
155807	54205	4.6451491999999206e-05	0
653820	155348	4.565248999999216e-05	0
3622	155908	4.4518689999994976e-05	0
3661	155945	4.3615743656744144e-05	0
155971	1392	3.832595399999583e-05	0
4320	155030	3.4636138000032624e-05	0
55170	155908	3.302491299994603e-05	0
155908	100616444	2.6592647999978958e-05	0
26827	155908	2.3465875999995056e-05	0
407007	155971	2.3336307999999306e-05	0
834	155971	2.2845942999949465e-05	0
652070	155459	2.0928956000032528e-05	0
155971	6426	1.9831781384760383e-05	0
155348	653820	1.75169199999603e-05	0
7124	155971	1.6372790489049827e-05	0
155908	100271694	1.5783329999963236e-05	0
4982	155971	1.4199827541805377e-05	0
5903	155908	1.154582700002571e-05	1
842	155807	1.0943725999967846e-05	0
238	156110	1.0007390999988708e-05	0
155030	6402	9.153194999944603e-06	0
155030	4320	8.90521700003255e-06	0
5058	156110	6.8405906999968735e-06	0
10959	155459	5.608284999958357e-06	0
10714	155971	4.065890631288482e-06	0
155971	4153	4.045644000028048e-06	0
7432	155971	3.893100700036456e-06	1
155030	3700	2.251944000053463e-06	0
54472	155971	2.0708878000208486e-06	0
155030	8941	1.3681073000038069e-06	0
155971	1109	1.191785599985451e-06	0
155971	4738	9.025255000016941e-07	0
1524	155971	8.769863499846764e-07	1
155971	3329	8.359241000510664e-07	0
8941	155348	8.2736966000585e-07	0
155459	925	7.930977400372186e-07	0
1109	155971	7.906366999987924e-07	0
25939	155459	7.639771000267359e-07	0
684	155459	7.639771000267359e-07	0
925	155459	7.380122000189004e-07	0
6426	155971	7.321259305470562e-07	0
100616444	155908	6.845034999924948e-07	0
55690	156110	5.349614300431682e-07	0
1392	155971	4.988581999709751e-07	0
155030	100129339	4.908066999487204e-07	0
100187828	155871	4.800621700162822e-07	0
156110	926	4.1309580001147594e-07	1
155908	3700	3.848762000213668e-07	0
3700	155908	3.848762000213668e-07	0
155807	8941	2.714165500128374e-07	0
27074	155030	2.5164749994921465e-07	0
4513	155971	1.7724806999908083e-07	0
3732	155030	1.0696337005011713e-07	0
155030	4261	1.0634007996390693e-07	0
1629	155030	1.0018711782411316e-07	0
7433	155971	8.782771998561145e-08	0
155807	347376	5.5566854006983135e-08	0
100129339	155030	5.430998595290504e-08	0
926	156110	3.7663944962851303e-08	0
28981	155971	3.487168198645918e-08	0
4738	155971	3.3658096976196816e-08	0
50863	155971	8.354689051692787e-09	0
4594	156110	7.925434530875464e-09	0
3384	155971	6.507879013462059e-09	0
80279	155971	4.832265476650832e-09	0
6351	155971	2.927964981580544e-09	0
347376	155807	2.0250883192574065e-09	0
653820	155971	1.2111153191440849e-09	0
8941	155807	9.27020460395056e-10	0
3458	155908	7.428160309075338e-10	0
1489	155030	7.20225656891671e-10	0
676	155030	5.821284565499241e-10	0
23241	156110	2.0725132721111095e-10	0
155030	51014	9.769640652024236e-11	0
3107	155971	2.311262292664651e-11	0
5933	155971	3.614553101272122e-12	0
5599	156110	1.6286971771251046e-13	0
100271694	155908	9.903189379656396e-14	0
4481	156110	3.852473895449293e-14	0
54205	155807	1.1102230246251565e-16	0
5524	155030	0.0	0
