E1	E2	Probability	Label
155459	60489	1.0	1
202559	155908	0.10997248	1
302	155030	0.453874164498	0
3107	156110	0.571715003817	0
3458	156110	0.031708863	0
155030	4261	1.0634008e-07	0
4594	156110	7.9254345e-09	0
4734	155030	0.9924539	1
3576	155971	4.8639333e-05	0
155908	1653	0.805360574029	0
155030	5594	0.0547175171838	1
155971	3576	0.21556623	1
155459	6921	0.96681707113	0
155971	1272	0.07881472	0
155908	7514	0.872443250039	0
1673	155871	0.709721057463	0
155971	26996	0.00032619436	0
156110	356	0.671283176304	1
155459	8065	0.999999958541	1
3958	155871	0.100035605528	0
6714	156110	0.0066887564	0
156110	3458	0.031708863	1
100187828	155871	4.8006217e-07	0
155945	684	1.0	1
155030	51014	9.769642e-11	0
156110	1493	0.127261510768	1
10462	155030	0.0968290661787	0
3836	155807	0.0599963154278	0
1508	155030	0.91393590571	1
10959	155030	0.979215148934	0
684	155971	0.8619472	0
917	156110	0.044242382	0
3661	155945	4.36157436567e-05	0
155971	6347	0.952168352859	1
155030	4314	0.0056880023	0
156110	6347	0.9829805	1
19	155971	0.0028900066	0
155971	115362	0.683030856324	0
7852	156110	0.00109153378287	0
155971	6351	0.70641553	1
6998	155971	0.0028715066	0
155030	100862696	0.536358747948	0
2028	155908	0.0026148665	0
155807	4790	0.998166170737	1
347376	155030	0.950837710747	0
3502	155971	0.0294095849025	0
60489	155459	0.999999642241	0
100616444	155030	0.783189220017	0
155030	10015	0.946207606545	0
54106	155971	0.05644081	0
155030	148362	0.00011109902	0
156110	7124	0.863427710543	1
100689229	155030	0.00107499854147	0
155030	100689229	0.00168540105593	0
155030	27074	0.00049738964	0
155030	10521	0.016480034	0
155030	100616444	0.718917172206	0
1387	155971	0.00017882272	0
155945	5817	0.733023020643	1
6285	155908	0.687719281987	0
155971	801	0.999405323055	0
310	155030	0.0047704163	0
1493	156110	0.0887509028451	0
155971	28910	0.22274579	0
155971	3586	0.0883535939161	1
6596	155807	0.539502926611	0
155971	4153	4.045644e-06	0
3732	155030	1.0696337e-07	0
155971	974	0.40048346	1
861	155459	0.136014675319	0
156110	238	0.98364645	1
1421	155030	0.0037807724	0
156110	3106	0.665613529107	1
155971	3502	0.180904764726	0
156110	5599	0.055966455	1
79966	155971	0.019246649	0
155971	6387	0.660820390078	1
155807	3916	0.99984646	1
653820	155807	0.01735272	0
156110	256987	0.999221763151	1
821	155971	0.0887775379525	0
155971	4780	0.929795597072	1
155030	684	0.7902083	0
155030	1629	0.00166462569268	0
155030	3565	0.112017318844	1
8835	155459	0.10479946	0
155348	8941	0.00013150093	0
155807	5886	0.699921400325	1
1109	155971	7.906367e-07	0
5621	155971	0.00081320823	0
1669	155971	0.273471922409	1
155971	51497	0.000144394041168	0
155971	10226	0.57020758719	0
2720	155971	0.18185362	0
19	156110	0.055991553	0
5594	155030	0.0648994079572	0
6402	155030	0.0012527023	0
155807	3725	0.999548623042	1
728378	155030	0.0810974572175	0
155971	834	0.99974996	1
156110	684	0.983704385381	1
347376	155807	2.0250883e-09	0
27067	155908	0.343154068299	0
865	155459	0.983271123305	0
155971	2745	0.458054390132	0
3558	155971	0.0019891437	0
155807	836	0.35663253	1
22914	155945	0.23847133311	0
156110	925	0.00495155374094	1
256987	156110	0.993345891213	0
920	155971	1.0	0
155459	865	0.999969168235	1
347376	155971	0.0872369031514	0
155971	28299	0.999999414801	0
155971	2187	0.99999990203	0
10714	155348	0.50714344	0
155030	3735	0.979202350559	0
156110	7253	0.0348910194837	0
156110	60489	0.16893571237	0
5478	155030	0.999874507513	1
973	155971	0.0012103936	0
155971	30816	0.00236510763245	0
6737	155030	0.77499014	0
5478	156110	0.0650117850779	0
156110	5817	0.00337574144013	1
3178	155971	0.36583224	1
1029	155030	0.921037921768	0
155971	4843	7.592126e-05	1
925	155459	7.380122e-07	0
155971	5122	0.000974604594827	0
155971	51311	0.46396613	0
54205	155807	1.2118425e-16	0
6772	155971	6.392008e-05	0
653820	155971	1.21111531914e-09	0
155971	19	0.99992955	0
148362	155030	0.9984163	0
155971	10959	0.124967529883	0
155971	10410	0.0018779375	1
25939	155807	0.0161188284102	0
7020	155971	0.30068581257	0
155030	6737	0.78965896	0
4869	155908	0.150806393709	1
5713	155807	0.0014909017	0
156110	4594	0.027753524	0
3777	155945	0.524902144023	0
155908	653108	0.0561960632015	0
155971	4790	0.06534899	1
156110	6285	0.99999702456	0
155030	4320	8.905217e-06	0
155908	6285	0.472247185642	0
155971	54106	0.9576714	1
155908	100271694	1.578333e-05	0
100862696	155030	0.0298201813878	0
155030	1421	0.004028998	0
3267	155908	0.1484174	0
155908	10492	0.075690962988	0
155030	8941	1.3681073e-06	0
155807	25939	0.982404421812	0
2332	155908	0.284797899239	0
8065	155459	0.99988137339	0
155807	842	0.028306259	1
155348	10714	0.22641781	0
6426	155971	7.32125930547e-07	0
3385	155971	0.999460444434	0
155807	10980	0.0007602532	0
155030	10959	0.40825338919	0
155945	1128	0.01212861	0
155459	200316	0.999999998439	1
5901	155030	0.015697172	1
155971	3700	0.971387681234	0
6998	155030	0.0011454271	0
3106	155030	0.85986836481	0
8941	155348	8.2736966e-07	0
3840	155807	0.029113953337	0
155030	7251	0.973430428832	0
684	155945	0.999951326535	0
30816	155945	0.00618838516363	0
3700	155971	0.807952691747	0
155908	4869	0.0018282524835	0
3135	156110	0.0175306267664	0
3603	155971	0.19997366	0
100616444	155945	0.0125912315995	0
7432	155971	3.8931007e-06	1
6693	155971	0.401013595132	0
155908	3267	0.00058621285	1
155971	4513	0.99999404	0
156110	11337	0.558886	1
156110	1435	0.780757675913	0
155971	1109	1.1917856e-06	0
156110	2736	0.0328332609032	0
155971	80279	0.195618482773	0
920	155459	0.00156503353279	0
155030	1489	0.046917763	0
9733	155871	0.359175073857	1
155971	347376	0.0872369031514	0
6348	155971	0.770518664355	0
940	156110	0.946903838568	0
155030	5478	0.999468498521	0
920	156110	0.999953367782	0
5062	156110	0.68990766865	0
155348	10075	0.501802019334	0
155971	5933	0.9980356	0
10980	155807	0.0007602532	0
2745	155971	0.689364288615	1
23547	156110	0.396855142371	0
5122	155971	0.995967505437	0
155971	6998	0.04699769	0
155030	7329	0.37429854	0
156110	55690	0.22063503	0
155030	975	0.827941556195	0
155971	5599	0.976792838171	1
51311	155971	0.21691073	0
155030	286	0.122773928703	0
6402	155971	0.26162854592	0
156110	3932	0.999999998124	1
10015	155030	0.99748370933	1
387	155030	0.020367391	1
155807	55540	0.27136762306	0
155971	3384	0.99775785	0
155807	81559	0.998146228178	1
5933	155971	3.6145557e-12	0
155807	347376	5.5566854e-08	0
904	155871	0.282289582026	0
155971	30835	0.998911680914	1
3622	155908	4.451869e-05	0
156110	7852	0.980176973323	1
920	155945	0.99999988902	0
10075	155348	0.413613235626	0
155807	6596	0.846539148515	1
155807	10959	0.19591145	0
1392	155971	4.988582e-07	0
23241	156110	2.0725138e-10	0
7422	155871	0.000271604139937	0
1629	155030	1.00187117824e-07	0
155348	51014	0.0005018311	0
156110	7020	0.380987502664	0
3704	155908	0.0155371771155	0
155030	79719	0.0016277984	0
1272	155971	0.07881472	0
925	155030	0.444763840802	0
29110	156110	0.000228352438505	0
155030	920	0.910708821344	0
155908	3458	0.13262303	0
972	155945	0.197539636555	0
155807	3735	0.839271277623	1
156110	917	0.044242382	1
115362	155971	0.0288214706349	0
4481	156110	3.857591e-14	0
155030	6402	9.153195e-06	0
3458	155971	0.203335605041	0
155908	2332	0.0791732035494	0
1653	155908	0.964440879253	0
5599	156110	1.6292226e-13	0
7251	155030	0.997111345768	1
155971	79966	0.019246649	0
155971	3458	0.615559179981	1
155908	100616444	2.6592648e-05	0
6285	155945	0.35041803	0
155030	310	0.0013263286	0
155030	3106	0.672582569637	1
100129339	155030	5.4309986e-08	0
7474	155971	0.205515211886	0
155908	103	0.001332388	0
238	156110	1.0007391e-05	0
2736	156110	0.0187539833055	0
155971	3107	0.9971023	1
10226	155971	0.270190163914	0
155030	81030	0.0734166023301	0
155871	904	0.288629681456	1
84268	155908	0.72672150493	0
2028	155030	0.12355833	0
55540	155807	0.27136762306	0
286	155030	0.0705872092355	0
3848	155908	0.030601334	0
3932	155971	0.029988566	0
54472	155971	2.0708878e-06	0
1056	155971	0.06225388	1
1435	156110	0.0152442701343	0
156110	2534	0.924776241079	0
7329	155030	0.017859308	0
983	155908	0.95427793	0
4780	155971	0.000239510147948	0
51014	155348	0.0005018311	0
7374	155459	0.0979615373555	0
155030	5901	0.0007666514	0
155030	7020	0.499804983478	0
155971	925	0.999515350553	1
10657	155908	0.112449427728	0
5599	155971	0.418324051007	0
155971	3178	0.04136301	0
156110	23547	0.396855770069	0
155030	6285	0.215995490283	0
156110	3606	0.907499361567	1
155971	684	0.003544209	0
80279	155971	4.83226547665e-09	0
155971	50863	0.99986494	0
155030	3456	0.32676166	0
6921	155459	0.27570224801	1
9648	156110	0.01327142	0
155971	7124	0.937752726332	1
28299	155971	0.893532039365	0
1236	155971	0.3406951	0
4691	155908	0.673357375413	0
155971	7852	1.0	1
48	155908	0.0745956625664	0
155971	963	0.00011550788	0
92421	155030	0.00020990551	1
5817	155945	0.345677557989	0
155971	28981	0.9907088	0
155971	1392	3.8325954e-05	0
155030	24137	0.127685376892	0
155971	6890	0.0595422414011	0
155459	861	0.325017814162	1
6890	155971	0.00171439000051	0
10959	155971	0.119819937877	0
155030	302	0.54589992698	0
155871	100187828	0.95021325	0
4153	155971	0.99924856	0
3055	156110	0.999273713048	0
1984	155908	0.634920647968	0
3558	156110	0.0373139385954	0
30816	155908	0.00685718110736	0
156110	23241	0.79856145	0
10673	155971	0.53744185	0
155908	48	0.115949933699	0
155971	6693	0.940805162436	1
155971	6426	1.98317813848e-05	0
155030	54732	0.0172744763179	0
155030	54539	0.0490299502292	0
155945	972	0.856453471544	0
100616444	155971	0.0157610547254	0
155807	3836	0.00680908597958	0
155971	7020	0.85886378059	1
155971	5045	0.704981329854	1
155971	54472	0.28830054	1
8945	155945	0.191259239573	0
407007	155971	2.3336308e-05	0
155971	6774	0.00824675	1
4320	155030	3.4636138e-05	0
5524	155030	7.361586e-18	0
155971	3329	8.359241e-07	0
155971	100689229	0.024783617	0
51311	155030	0.00425778481769	0
841	155807	5.3157182e-05	0
85363	155030	0.0005992305	0
2534	156110	0.000315767970913	0
155971	1232	0.2777829	0
155908	30816	0.0165529258482	0
155971	10673	0.53744185	0
3916	155807	0.039840627	0
100313781	156110	0.05686677	0
5045	155971	0.889417721196	0
156110	3105	0.917305172763	1
155971	818	0.706982952027	0
7020	156110	0.312859556862	1
25939	155459	7.639771e-07	0
29082	155030	0.203592628918	1
5903	155908	1.1545827e-05	1
1234	155030	0.0035952714	0
155945	6285	0.35041803	0
974	155971	0.40048346	0
155030	6426	0.0028271247	0
155971	100616444	0.0151013567114	0
155971	653820	0.00265570667421	0
3565	155971	0.21005701283	0
1755	155971	0.5972818	1
6667	155030	0.632058266073	0
155459	10959	0.0024425106	0
155971	2720	0.35388497	0
155971	920	1.0	1
155459	684	0.989003	0
155971	6348	0.770518664355	1
155971	1056	0.13203946	0
155945	3777	0.83733318393	0
155908	84268	0.000501047289879	0
3735	155807	0.927998876936	0
10959	155807	0.32676166	0
155945	4738	0.563351191768	0
9564	155807	0.869309907233	0
156110	3135	0.957363576641	1
60489	155030	0.113972613828	1
3586	155971	0.0883535939161	0
10656	155908	0.007043166	1
155971	7432	0.9915279	0
3458	155030	0.427618997481	0
155030	834	0.107582127651	0
155971	821	0.999999834863	0
155971	1803	0.999999988521	1
81030	155030	0.00776684998627	0
155971	6402	0.0298115906704	1
155030	653820	0.000627380025308	0
155908	728378	0.99274919587	0
55170	155908	3.3024913e-05	0
351	155971	0.12478659	0
4738	155945	0.889329346375	0
155945	30816	0.01136560905	0
155971	1669	0.304931300338	0
155030	3732	0.16328785	0
156110	29110	0.991898011321	0
155908	27067	0.150732043025	0
1234	155971	1.0	0
156110	3055	0.999967800527	1
54539	155030	0.0376345943136	0
155459	164668	0.999990998152	1
7124	156110	0.151418688218	0
155908	1984	0.527244718397	0
155459	652070	0.029767564	0
156110	5058	0.030150995	1
155807	3840	0.186811679138	0
8941	155030	0.00024623988	0
155871	9733	0.0819127617505	0
1232	155971	0.04894559	0
100616444	156110	0.69763297	0
155908	10656	0.020980313	0
155459	8453	0.121242509213	0
10959	156110	0.0192070388002	0
155459	25939	0.989003	0
156110	57026	0.01242234	0
3569	155971	0.452251873984	0
653820	155030	0.00135440236004	0
155030	728378	0.792700642832	0
926	156110	3.7663945e-08	0
7040	155971	0.452372975873	0
60489	156110	0.16893571237	0
29110	155459	0.00088147604	0
10959	155459	5.608285e-06	0
155030	5524	0.011277861	1
156110	22914	0.97030225521	1
155971	100	0.99978226	1
156110	10399	0.955750182814	0
155971	3603	0.017946577	0
684	155030	4.7082416e-05	1
30816	155030	0.572422370795	0
3091	155807	0.874422366495	0
155030	29082	0.993771852583	0
155348	653820	1.751692e-05	0
155030	925	0.999999994908	0
156110	940	0.998022599374	1
155971	3558	0.062643036	1
3107	155971	2.3112661e-11	0
156110	9648	0.84721595	0
155030	676	0.08051282	0
155807	10714	0.10019891	0
3606	156110	0.0450684091329	0
155807	3838	0.209120249421	0
155908	2028	0.0010045198	0
156110	10959	0.00140891544887	0
155459	100616444	0.060062498752	0
57026	156110	0.01242234	0
100616444	155459	0.00743968188767	0
28910	155971	0.00032809842	0
155971	6772	0.00059653004	1
2187	155971	0.0397870699144	0
155030	4758	0.12621842	0
6347	156110	0.008762464	0
6351	155971	2.927965e-09	0
155971	4738	9.025255e-07	0
51014	155030	0.29600835	0
164668	155459	0.999981293103	0
4360	155971	0.148447098574	0
4790	155807	0.000312389033717	0
156110	3107	0.350592510089	1
155030	200316	0.0186966161442	0
155945	920	1.0	1
836	155807	0.39009982	0
155030	2028	0.0005030435	0
684	156110	0.998731871731	0
8941	155807	9.2702046e-10	0
155971	3565	0.347416158811	1
155030	998	0.05900896	0
155807	54205	4.6451492e-05	0
11337	156110	0.003074322	0
10959	155348	0.0602082696023	0
652070	155971	0.0014352998	0
155908	3700	3.848762e-07	0
155807	841	0.0062374785	1
10642	155030	0.145233183324	1
155871	7422	0.920736183296	1
3106	156110	0.180485440788	0
155971	4982	0.977635394893	0
100271694	155908	9.90162e-14	0
3612	155807	0.956378147389	0
81559	155807	0.79857969801	0
5901	155908	0.17909154	1
11168	155908	0.582482881297	0
3384	155971	6.507879e-09	0
155945	3661	0.999926797447	0
26996	155971	0.018295418	0
963	155971	0.17893043	0
55690	156110	5.3496143e-07	0
28981	155971	3.4871682e-08	0
10521	155030	0.24566014	1
652070	155459	2.0928956e-05	0
155030	1029	0.0206773980675	0
155908	55170	0.0010744471	0
156110	926	4.130958e-07	1
4790	155971	0.00012673317	0
155971	2028	0.788883894997	0
155807	5713	0.9700759	0
156110	19	5.85295e-05	1
100616444	155908	6.845035e-07	0
155871	5813	0.739838560786	1
156110	5062	0.975849845251	1
4513	155971	1.7724807e-07	0
156110	100313781	0.89727044	0
155971	94025	0.9513512	0
920	155030	0.520419501189	0
3105	156110	0.000602237874917	0
818	155971	0.532181496965	0
155030	30816	0.652817071862	0
155030	6998	0.0011451943	0
9730	155807	0.544512673507	0
1154	155459	0.05402024	0
3574	155030	0.06483265	1
200316	155459	0.705068035797	0
155348	10959	0.851709872194	0
155971	1755	0.00061852176	0
155030	10642	0.294429951285	0
653108	155908	0.00280106296978	0
156110	1234	0.0061677876	1
155971	7474	0.629533111479	1
10399	156110	0.202030101792	0
155459	342574	0.44375792	0
155030	1437	0.00041692788	1
155807	8941	2.7141655e-07	0
1392	155030	0.0155608732552	0
155908	202559	0.16583438	0
10714	155807	6.0623937e-05	0
155030	85363	0.022963613	1
3700	155030	0.00019153958	0
356	156110	0.00667532919526	0
155030	51311	0.31349339633	0
1437	155030	0.00041692788	0
155908	5901	0.17909154	0
155030	947	0.0063872617	0
155459	1154	0.39362386	0
79719	155030	0.00036463403	0
4843	155971	0.467195	0
155030	10462	5.20804811575e-05	0
7020	155030	0.498977347201	0
4738	155971	3.3658097e-08	0
156110	4481	0.045665424	0
155971	1236	0.3406951	1
56655	155030	0.009812792	0
155030	100129339	4.908067e-07	0
155030	4734	0.0058528315	0
155971	4360	0.995737185309	1
8626	155348	0.115063764	0
128866	155030	0.0264328660234	1
200316	155030	0.0713639018474	0
342574	155459	0.44375792	0
7514	155030	0.015697172	0
155030	60489	0.553473634972	0
6285	156110	0.645227192301	0
925	156110	0.00118846321181	0
5886	155807	0.96385090257	0
155971	10714	0.00324410590713	0
155807	653820	0.002892678	0
155807	9564	0.955484940257	0
3700	155908	3.848762e-07	0
8453	155459	0.133822835075	0
155807	3091	0.987687979789	1
975	155030	0.000281421744414	0
7852	155971	0.965977961566	0
155945	8945	0.591344447501	1
155030	3700	2.251944e-06	0
155908	6194	0.1516762	0
156110	821	0.38867053	0
30816	155971	0.00102244686297	0
155459	7374	0.00567018433195	0
155030	387	0.008838574	0
156110	6714	0.3204342	1
842	155807	1.0943726e-05	0
821	156110	0.07249119	0
10492	155908	0.169214931688	0
3456	155030	0.19591145	1
5879	155030	0.596861766742	0
10410	155971	0.0018779375	0
30835	155971	0.767210039682	0
27074	155030	2.516475e-07	0
2	155971	0.28187844	0
155971	3932	0.029988566	1
155459	29110	0.00088147604	0
155971	2064	0.236753827674	0
155908	3704	0.042264007215	1
155459	920	0.00382768509454	0
155971	5621	0.26864418	0
6194	155908	0.1516762	0
155030	347376	0.281502097249	0
26827	155908	2.3465876e-05	0
7433	155971	8.782772e-08	0
3838	155807	0.221559927446	0
2064	155971	0.005788749064	0
155971	7040	0.999833877846	1
4314	155030	0.00852228	0
103	155908	0.001332388	1
94025	155971	0.10842296	0
834	155971	2.2845943e-05	0
6774	155971	0.0010214521	0
155971	2335	0.31197077	0
51497	155971	0.000337049395231	0
156110	920	1.0	1
10714	155971	4.06589063129e-06	0
4261	155030	0.0022750793	1
155971	407007	0.00010811986	0
155807	9730	0.0894664611871	1
155971	8743	0.648712507724	1
801	155971	0.00385238097464	1
5058	156110	6.8405907e-06	0
155971	351	0.35116294	1
100	155971	0.0050443565	0
998	155030	0.0077702906	0
155908	983	0.015289359	0
155908	3622	0.0027564804	0
947	155030	0.0063872617	0
7253	156110	0.598255037494	0
155971	2	0.8335241	1
155908	3848	0.059210572	0
155971	3385	0.999262142064	0
3329	155971	0.0011473617	0
1128	155945	0.01212861	0
676	155030	5.821285e-10	0
3458	155908	7.4281603e-10	0
684	155459	7.639771e-07	0
156110	6774	0.140323445121	1
50863	155971	8.354689e-09	0
6426	155030	0.0009781464	1
155030	3622	0.0017925021	0
1803	155971	0.00749225521147	0
155030	92421	0.0010565827	0
1524	155971	8.7698635e-07	1
156110	5478	0.0237198749798	1
155908	5903	0.8875279	0
155030	1508	0.27273785926	0
155871	3958	0.876365740793	1
155459	925	7.9309774e-07	0
6285	155030	0.206385512772	0
156110	3558	0.0351662134761	1
3735	155030	0.999973793726	0
155908	4691	0.644998401545	0
155030	6667	0.932144839918	1
155971	1234	1.0	1
155459	8835	0.07935695	0
155971	652070	0.0014352998	0
925	155971	0.115166999555	0
155971	7433	0.48048615	1
4758	155030	0.20201223	0
156110	100616444	0.7947757	0
5817	156110	0.884557677792	0
155908	10657	0.761907520842	1
155030	1392	0.0109016760983	0
155030	3458	0.33171617048	1
7514	155908	0.842610816671	1
155871	1673	0.999981107324	1
1234	156110	0.011062458	0
3932	156110	0.981016537454	0
155945	22914	0.902354885992	1
3565	155030	0.0129769445284	0
7124	155971	1.6372790489e-05	0
155971	1524	0.97977793	0
100689229	155971	0.024783617	0
155807	3612	0.630888596728	0
155908	1654	0.835209568727	0
24137	155030	0.999991266489	0
4982	155971	1.41998275418e-05	0
155971	1387	0.10301727	0
155945	100616444	0.0278578334604	0
653820	155348	4.565249e-05	0
22914	156110	0.140658350269	0
155030	5879	0.0735993817699	1
155908	11168	0.578265614314	0
155908	26827	0.0009780476	0
728378	155908	0.994232368572	0
155971	973	0.0020175357	1
6387	155971	0.235437265098	0
155030	1234	0.0035952714	1
1489	155030	7.202257e-10	0
2028	155971	0.0352103048292	0
155348	8626	0.115063764	0
6347	155971	0.000976550336545	0
155971	3569	0.00797472400905	1
155030	128866	0.0208952079775	0
155030	56655	0.04022397	0
155030	7514	0.0007666514	1
8743	155971	0.985773661326	0
155030	3574	0.0023799152	0
3622	155030	0.0012127142	0
1654	155908	0.0709181472877	1
2335	155971	0.31197077	0
5813	155871	0.826225438057	0
834	155030	0.0127853388835	0
3725	155807	0.122406443792	0
54732	155030	0.173083918728	0
6774	156110	0.140323445121	0
